Month,Day,DoY,Rg_f,Rg_sqc,Ta_f,Ta_sqc,VPD_f,VPD_sqc,Ts_f,Ts_sqc,Precip,SWC,H_f,H_sqc,LE_f,LE_sqc,Reco_st,Reco_or,NEE_st_fMDS,NEE_st_fMDSsqc,GPP_st_MDS,NEE_or_fMDS,NEE_or_fMDSsqc,GPP_or_MDS,NEE_st_fANN,NEE_st_fANNsqc,GPP_st_ANN,NEE_or_fANN,NEE_or_fANNsqc,GPP_or_ANN
1,1,1,0.77,1.00,-6.39,1.00,0.52,1.00,-0.75,1.00,0.00,-9999.00,-9999.00,-9999.00,-9999.00,-9999.00,-9999.00,-9999.00,-9999.00,-9999.00,-9999.00,-9999.00,-9999.00,-9999.00,-9999.00,-9999.00,-9999.00,-9999.00,-9999.00,-9999.00
1,2,2,1.80,1.00,-21.00,1.00,0.25,1.00,-0.78,1.00,0.00,-9999.00,-9999.00,-9999.00,-9999.00,-9999.00,-9999.00,-9999.00,-9999.00,-9999.00,-9999.00,-9999.00,-9999.00,-9999.00,-9999.00,-9999.00,-9999.00,-9999.00,-9999.00,-9999.00
1,3,3,0.54,1.00,-24.64,1.00,0.19,1.00,-0.76,1.00,0.00,-9999.00,-9999.00,-9999.00,-9999.00,-9999.00,-9999.00,-9999.00,-9999.00,-9999.00,-9999.00,-9999.00,-9999.00,-9999.00,-9999.00,-9999.00,-9999.00,-9999.00,-9999.00,-9999.00
1,4,4,0.40,1.00,-20.00,1.00,0.23,1.00,-0.77,1.00,0.00,-9999.00,-9999.00,-9999.00,-9999.00,-9999.00,-9999.00,-9999.00,-9999.00,-9999.00,-9999.00,-9999.00,-9999.00,-9999.00,-9999.00,-9999.00,-9999.00,-9999.00,-9999.00,-9999.00
1,5,5,0.64,0.96,-20.56,0.96,0.24,0.96,-0.79,0.96,0.00,-9999.00,-9999.00,-9999.00,-9999.00,-9999.00,-9999.00,-9999.00,-9999.00,-9999.00,-9999.00,-9999.00,-9999.00,-9999.00,-9999.00,-9999.00,-9999.00,-9999.00,-9999.00,-9999.00
1,6,6,0.49,1.00,-14.59,1.00,0.34,1.00,-0.82,1.00,0.00,-9999.00,-9999.00,-9999.00,-9999.00,-9999.00,-9999.00,-9999.00,-9999.00,-9999.00,-9999.00,-9999.00,-9999.00,-9999.00,-9999.00,-9999.00,-9999.00,-9999.00,-9999.00,-9999.00
1,7,7,1.98,1.00,-34.73,1.00,0.11,1.00,-0.85,1.00,0.00,-9999.00,-9999.00,-9999.00,-9999.00,-9999.00,-9999.00,-9999.00,-9999.00,-9999.00,-9999.00,-9999.00,-9999.00,-9999.00,-9999.00,-9999.00,-9999.00,-9999.00,-9999.00,-9999.00
1,8,8,0.71,0.88,-37.35,0.88,0.09,0.88,-0.89,0.88,0.00,-9999.00,-9999.00,-9999.00,-9999.00,-9999.00,-9999.00,-9999.00,-9999.00,-9999.00,-9999.00,-9999.00,-9999.00,-9999.00,-9999.00,-9999.00,-9999.00,-9999.00,-9999.00,-9999.00
1,9,9,1.91,1.00,-28.77,1.00,0.16,1.00,-0.96,1.00,0.00,-9999.00,-9999.00,-9999.00,-9999.00,-9999.00,-9999.00,-9999.00,-9999.00,-9999.00,-9999.00,-9999.00,-9999.00,-9999.00,-9999.00,-9999.00,-9999.00,-9999.00,-9999.00,-9999.00
1,10,10,0.54,1.00,-22.22,1.00,0.23,1.00,-1.07,1.00,0.00,-9999.00,-9999.00,-9999.00,-9999.00,-9999.00,-9999.00,-9999.00,-9999.00,-9999.00,-9999.00,-9999.00,-9999.00,-9999.00,-9999.00,-9999.00,-9999.00,-9999.00,-9999.00,-9999.00
1,11,11,0.61,1.00,-15.37,1.00,0.32,1.00,-1.18,1.00,0.00,-9999.00,-9999.00,-9999.00,-9999.00,-9999.00,-9999.00,-9999.00,-9999.00,-9999.00,-9999.00,-9999.00,-9999.00,-9999.00,-9999.00,-9999.00,-9999.00,-9999.00,-9999.00,-9999.00
1,12,12,0.69,1.00,-12.63,1.00,0.39,1.00,-1.25,1.00,0.00,-9999.00,-9999.00,-9999.00,-9999.00,-9999.00,-9999.00,-9999.00,-9999.00,-9999.00,-9999.00,-9999.00,-9999.00,-9999.00,-9999.00,-9999.00,-9999.00,-9999.00,-9999.00,-9999.00
1,13,13,0.93,1.00,-14.18,1.00,0.28,1.00,-1.25,1.00,0.00,-9999.00,-9999.00,-9999.00,-9999.00,-9999.00,-9999.00,-9999.00,-9999.00,-9999.00,-9999.00,-9999.00,-9999.00,-9999.00,-9999.00,-9999.00,-9999.00,-9999.00,-9999.00,-9999.00
1,14,14,0.87,1.00,-22.35,1.00,0.22,1.00,-1.23,1.00,0.00,-9999.00,-9999.00,-9999.00,-9999.00,-9999.00,-9999.00,-9999.00,-9999.00,-9999.00,-9999.00,-9999.00,-9999.00,-9999.00,-9999.00,-9999.00,-9999.00,-9999.00,-9999.00,-9999.00
1,15,15,0.91,1.00,-21.24,1.00,0.24,1.00,-1.20,1.00,0.00,-9999.00,-9999.00,-9999.00,-9999.00,-9999.00,-9999.00,-9999.00,-9999.00,-9999.00,-9999.00,-9999.00,-9999.00,-9999.00,-9999.00,-9999.00,-9999.00,-9999.00,-9999.00,-9999.00
1,16,16,0.44,1.00,-20.11,1.00,0.24,1.00,-1.21,1.00,0.00,-9999.00,-9999.00,-9999.00,-9999.00,-9999.00,-9999.00,-9999.00,-9999.00,-9999.00,-9999.00,-9999.00,-9999.00,-9999.00,-9999.00,-9999.00,-9999.00,-9999.00,-9999.00,-9999.00
1,17,17,1.51,1.00,-20.34,1.00,0.24,1.00,-1.22,1.00,0.00,-9999.00,-9999.00,-9999.00,-9999.00,-9999.00,-9999.00,-9999.00,-9999.00,-9999.00,-9999.00,-9999.00,-9999.00,-9999.00,-9999.00,-9999.00,-9999.00,-9999.00,-9999.00,-9999.00
1,18,18,1.13,1.00,-23.37,1.00,0.20,1.00,-1.24,1.00,0.00,-9999.00,-9999.00,-9999.00,-9999.00,-9999.00,-9999.00,-9999.00,-9999.00,-9999.00,-9999.00,-9999.00,-9999.00,-9999.00,-9999.00,-9999.00,-9999.00,-9999.00,-9999.00,-9999.00
1,19,19,1.42,1.00,-25.47,1.00,0.19,1.00,-1.25,1.00,0.00,-9999.00,-9999.00,-9999.00,-9999.00,-9999.00,-9999.00,-9999.00,-9999.00,-9999.00,-9999.00,-9999.00,-9999.00,-9999.00,-9999.00,-9999.00,-9999.00,-9999.00,-9999.00,-9999.00
1,20,20,1.51,1.00,-22.89,1.00,0.21,1.00,-1.29,1.00,0.00,-9999.00,-9999.00,-9999.00,-9999.00,-9999.00,-9999.00,-9999.00,-9999.00,-9999.00,-9999.00,-9999.00,-9999.00,-9999.00,-9999.00,-9999.00,-9999.00,-9999.00,-9999.00,-9999.00
1,21,21,1.79,1.00,-26.11,1.00,0.18,1.00,-1.34,1.00,0.00,-9999.00,-9999.00,-9999.00,-9999.00,-9999.00,-9999.00,-9999.00,-9999.00,-9999.00,-9999.00,-9999.00,-9999.00,-9999.00,-9999.00,-9999.00,-9999.00,-9999.00,-9999.00,-9999.00
1,22,22,1.31,1.00,-18.55,1.00,0.25,1.00,-1.39,1.00,0.00,-9999.00,-9999.00,-9999.00,-9999.00,-9999.00,-9999.00,-9999.00,-9999.00,-9999.00,-9999.00,-9999.00,-9999.00,-9999.00,-9999.00,-9999.00,-9999.00,-9999.00,-9999.00,-9999.00
1,23,23,0.50,1.00,-19.15,1.00,0.24,1.00,-1.46,1.00,0.00,-9999.00,-32.89,0.00,-0.18,0.00,-9999.00,-9999.00,-9999.00,-9999.00,-9999.00,-9999.00,-9999.00,-9999.00,-9999.00,-9999.00,-9999.00,-9999.00,-9999.00,-9999.00
1,24,24,1.76,1.00,-13.84,1.00,0.28,1.00,-1.51,1.00,0.00,-9999.00,-6.07,0.00,2.05,0.00,-9999.00,-9999.00,-9999.00,-9999.00,-9999.00,-9999.00,-9999.00,-9999.00,-9999.00,-9999.00,-9999.00,-9999.00,-9999.00,-9999.00
1,25,25,1.36,1.00,-13.02,1.00,0.29,1.00,-1.53,1.00,0.00,-9999.00,-15.22,0.00,1.65,0.00,-9999.00,-9999.00,-9999.00,-9999.00,-9999.00,-9999.00,-9999.00,-9999.00,-9999.00,-9999.00,-9999.00,-9999.00,-9999.00,-9999.00
1,26,26,0.97,1.00,-16.56,1.00,0.26,1.00,-1.54,1.00,0.20,-9999.00,-28.96,0.00,1.44,0.00,-9999.00,-9999.00,-9999.00,-9999.00,-9999.00,-9999.00,-9999.00,-9999.00,-9999.00,-9999.00,-9999.00,-9999.00,-9999.00,-9999.00
1,27,27,0.92,1.00,-20.69,1.00,0.23,1.00,-1.55,1.00,0.00,-9999.00,-34.36,0.00,-0.23,0.00,-9999.00,-9999.00,-9999.00,-9999.00,-9999.00,-9999.00,-9999.00,-9999.00,-9999.00,-9999.00,-9999.00,-9999.00,-9999.00,-9999.00
1,28,28,1.22,1.00,-24.51,1.00,0.19,1.00,-1.59,1.00,0.00,-9999.00,-33.37,0.00,0.08,0.00,-9999.00,-9999.00,-9999.00,-9999.00,-9999.00,-9999.00,-9999.00,-9999.00,-9999.00,-9999.00,-9999.00,-9999.00,-9999.00,-9999.00
1,29,29,0.64,0.88,-22.94,0.88,0.21,0.88,-1.66,0.88,0.00,-9999.00,-18.50,0.00,-0.36,0.00,-9999.00,-9999.00,-9999.00,-9999.00,-9999.00,-9999.00,-9999.00,-9999.00,-9999.00,-9999.00,-9999.00,-9999.00,-9999.00,-9999.00
1,30,30,0.57,0.94,-20.99,0.94,0.23,0.94,-1.75,0.94,0.00,-9999.00,-38.46,0.00,-0.59,0.00,-9999.00,-9999.00,-9999.00,-9999.00,-9999.00,-9999.00,-9999.00,-9999.00,-9999.00,-9999.00,-9999.00,-9999.00,-9999.00,-9999.00
1,31,31,0.86,0.63,-19.21,0.63,0.24,0.63,-1.84,0.63,-9999.00,-9999.00,-24.03,0.00,-0.33,0.00,-9999.00,-9999.00,-9999.00,-9999.00,-9999.00,-9999.00,-9999.00,-9999.00,-9999.00,-9999.00,-9999.00,-9999.00,-9999.00,-9999.00
2,1,32,0.73,1.00,-13.49,1.00,0.28,1.00,-1.92,1.00,0.00,-9999.00,-21.68,0.00,1.00,0.00,-9999.00,-9999.00,-9999.00,-9999.00,-9999.00,-9999.00,-9999.00,-9999.00,-9999.00,-9999.00,-9999.00,-9999.00,-9999.00,-9999.00
2,2,33,1.87,1.00,-8.70,1.00,0.58,1.00,-1.97,1.00,0.00,-9999.00,0.69,0.00,1.90,0.00,-9999.00,-9999.00,-9999.00,-9999.00,-9999.00,-9999.00,-9999.00,-9999.00,-9999.00,-9999.00,-9999.00,-9999.00,-9999.00,-9999.00
2,3,34,1.27,1.00,-12.05,1.00,0.33,1.00,-1.96,1.00,0.00,-9999.00,-17.24,0.00,3.47,0.00,-9999.00,-9999.00,-9999.00,-9999.00,-9999.00,-9999.00,-9999.00,-9999.00,-9999.00,-9999.00,-9999.00,-9999.00,-9999.00,-9999.00
2,4,35,3.38,0.65,-13.23,0.69,0.36,0.69,-1.91,0.69,-9999.00,-9999.00,23.48,0.00,3.30,0.00,-9999.00,-9999.00,-9999.00,-9999.00,-9999.00,-9999.00,-9999.00,-9999.00,-9999.00,-9999.00,-9999.00,-9999.00,-9999.00,-9999.00
2,5,36,1.67,0.58,-13.39,0.58,0.31,0.58,-1.85,0.58,-9999.00,-9999.00,-5.11,0.00,1.46,0.00,-9999.00,-9999.00,-9999.00,-9999.00,-9999.00,-9999.00,-9999.00,-9999.00,-9999.00,-9999.00,-9999.00,-9999.00,-9999.00,-9999.00
2,6,37,3.96,0.67,-14.18,0.67,0.31,0.67,-1.80,0.67,-9999.00,-9999.00,23.45,0.00,4.62,0.00,-9999.00,-9999.00,-9999.00,-9999.00,-9999.00,-9999.00,-9999.00,-9999.00,-9999.00,-9999.00,-9999.00,-9999.00,-9999.00,-9999.00
2,7,38,3.28,0.60,-14.62,0.60,0.34,0.60,-1.76,0.60,-9999.00,-9999.00,7.22,0.00,2.44,0.00,-9999.00,-9999.00,-9999.00,-9999.00,-9999.00,-9999.00,-9999.00,-9999.00,-9999.00,-9999.00,-9999.00,-9999.00,-9999.00,-9999.00
2,8,39,1.90,0.63,-16.10,0.63,0.26,0.63,-1.74,0.63,-9999.00,-9999.00,4.28,0.00,1.46,0.00,-9999.00,-9999.00,-9999.00,-9999.00,-9999.00,-9999.00,-9999.00,-9999.00,-9999.00,-9999.00,-9999.00,-9999.00,-9999.00,-9999.00
2,9,40,1.64,0.60,-9.82,0.60,0.29,0.60,-1.73,0.60,-9999.00,-9999.00,3.79,0.00,1.69,0.00,-9999.00,-9999.00,-9999.00,-9999.00,-9999.00,-9999.00,-9999.00,-9999.00,-9999.00,-9999.00,-9999.00,-9999.00,-9999.00,-9999.00
2,10,41,1.00,1.00,-3.30,1.00,0.28,1.00,-1.74,1.00,0.00,-9999.00,-11.58,0.00,2.81,0.00,-9999.00,-9999.00,-9999.00,-9999.00,-9999.00,-9999.00,-9999.00,-9999.00,-9999.00,-9999.00,-9999.00,-9999.00,-9999.00,-9999.00
2,11,42,2.16,1.00,-4.13,1.00,0.47,1.00,-1.73,1.00,0.00,-9999.00,-6.75,0.00,3.17,0.00,-9999.00,-9999.00,-9999.00,-9999.00,-9999.00,-9999.00,-9999.00,-9999.00,-9999.00,-9999.00,-9999.00,-9999.00,-9999.00,-9999.00
2,12,43,3.97,0.92,-13.04,1.00,0.34,1.00,-1.66,1.00,0.00,-9999.00,41.64,0.00,1.89,0.00,-9999.00,-9999.00,-9999.00,-9999.00,-9999.00,-9999.00,-9999.00,-9999.00,-9999.00,-9999.00,-9999.00,-9999.00,-9999.00,-9999.00
2,13,44,3.16,0.75,-15.18,0.75,0.27,0.75,-1.59,0.75,-9999.00,-9999.00,1.95,0.00,4.57,0.00,-9999.00,-9999.00,-9999.00,-9999.00,-9999.00,-9999.00,-9999.00,-9999.00,-9999.00,-9999.00,-9999.00,-9999.00,-9999.00,-9999.00
2,14,45,4.27,0.44,-13.02,0.46,0.36,0.46,-1.56,0.46,-9999.00,-9999.00,40.20,0.00,2.44,0.00,-9999.00,-9999.00,-9999.00,-9999.00,-9999.00,-9999.00,-9999.00,-9999.00,-9999.00,-9999.00,-9999.00,-9999.00,-9999.00,-9999.00
2,15,46,2.56,0.58,-13.60,0.58,0.32,0.58,-1.54,0.58,-9999.00,-9999.00,1.92,0.00,1.62,0.00,-9999.00,-9999.00,-9999.00,-9999.00,-9999.00,-9999.00,-9999.00,-9999.00,-9999.00,-9999.00,-9999.00,-9999.00,-9999.00,-9999.00
2,16,47,3.31,0.44,-17.69,0.44,0.26,0.44,-1.52,0.44,-9999.00,-9999.00,25.66,0.00,3.96,0.00,-9999.00,-9999.00,-9999.00,-9999.00,-9999.00,-9999.00,-9999.00,-9999.00,-9999.00,-9999.00,-9999.00,-9999.00,-9999.00,-9999.00
2,17,48,1.20,0.60,-17.52,0.60,0.24,0.60,-1.53,0.60,-9999.00,-9999.00,-16.70,0.00,1.22,0.00,-9999.00,-9999.00,-9999.00,-9999.00,-9999.00,-9999.00,-9999.00,-9999.00,-9999.00,-9999.00,-9999.00,-9999.00,-9999.00,-9999.00
2,18,49,3.80,0.69,-24.25,0.69,0.20,0.69,-1.54,0.69,-9999.00,-9999.00,-4.78,0.00,0.24,0.00,-9999.00,-9999.00,-9999.00,-9999.00,-9999.00,-9999.00,-9999.00,-9999.00,-9999.00,-9999.00,-9999.00,-9999.00,-9999.00,-9999.00
2,19,50,4.70,0.38,-27.11,0.38,0.17,0.38,-1.55,0.38,-9999.00,-9999.00,44.66,0.00,2.16,0.00,-9999.00,-9999.00,-9999.00,-9999.00,-9999.00,-9999.00,-9999.00,-9999.00,-9999.00,-9999.00,-9999.00,-9999.00,-9999.00,-9999.00
2,20,51,5.43,0.27,-27.53,0.27,0.17,0.27,-1.57,0.27,-9999.00,-9999.00,23.67,0.00,3.33,0.00,-9999.00,-9999.00,-9999.00,-9999.00,-9999.00,-9999.00,-9999.00,-9999.00,-9999.00,-9999.00,-9999.00,-9999.00,-9999.00,-9999.00
2,21,52,6.20,0.33,-22.43,0.33,0.21,0.33,-1.60,0.33,-9999.00,-9999.00,16.51,0.00,3.26,0.00,-9999.00,-9999.00,-9999.00,-9999.00,-9999.00,-9999.00,-9999.00,-9999.00,-9999.00,-9999.00,-9999.00,-9999.00,-9999.00,-9999.00
2,22,53,4.05,0.44,-18.97,0.44,0.24,0.44,-1.63,0.44,-9999.00,-9999.00,36.95,0.00,1.17,0.00,-9999.00,-9999.00,-9999.00,-9999.00,-9999.00,-9999.00,-9999.00,-9999.00,-9999.00,-9999.00,-9999.00,-9999.00,-9999.00,-9999.00
2,23,54,4.26,0.69,-17.69,0.69,0.25,0.69,-1.65,0.69,-9999.00,-9999.00,10.93,0.00,4.43,0.00,-9999.00,-9999.00,-9999.00,-9999.00,-9999.00,-9999.00,-9999.00,-9999.00,-9999.00,-9999.00,-9999.00,-9999.00,-9999.00,-9999.00
2,24,55,6.85,0.29,-15.00,0.33,0.26,0.33,-1.70,0.33,-9999.00,-9999.00,36.01,0.00,4.90,0.00,-9999.00,-9999.00,-9999.00,-9999.00,-9999.00,-9999.00,-9999.00,-9999.00,-9999.00,-9999.00,-9999.00,-9999.00,-9999.00,-9999.00
2,25,56,2.28,0.58,-7.89,0.58,0.29,0.58,-1.75,0.58,-9999.00,-9999.00,-4.93,0.00,1.38,0.00,-9999.00,-9999.00,-9999.00,-9999.00,-9999.00,-9999.00,-9999.00,-9999.00,-9999.00,-9999.00,-9999.00,-9999.00,-9999.00,-9999.00
2,26,57,6.27,0.92,-15.78,0.92,0.40,0.92,-1.78,0.92,0.00,-9999.00,16.17,0.00,11.08,0.00,-9999.00,-9999.00,-9999.00,-9999.00,-9999.00,-9999.00,-9999.00,-9999.00,-9999.00,-9999.00,-9999.00,-9999.00,-9999.00,-9999.00
2,27,58,7.97,0.50,-20.78,0.50,0.32,0.50,-1.78,0.50,-9999.00,-9999.00,18.42,0.00,1.21,0.00,-9999.00,-9999.00,-9999.00,-9999.00,-9999.00,-9999.00,-9999.00,-9999.00,-9999.00,-9999.00,-9999.00,-9999.00,-9999.00,-9999.00
2,28,59,8.13,0.50,-20.76,0.50,0.35,0.50,-1.78,0.50,-9999.00,-9999.00,18.26,0.00,0.52,0.00,-9999.00,-9999.00,-9999.00,-9999.00,-9999.00,-9999.00,-9999.00,-9999.00,-9999.00,-9999.00,-9999.00,-9999.00,-9999.00,-9999.00
2,29,60,8.58,0.63,-20.06,0.63,0.36,0.63,-1.77,0.63,-9999.00,-9999.00,18.56,0.00,0.44,0.00,-9999.00,-9999.00,-9999.00,-9999.00,-9999.00,-9999.00,-9999.00,-9999.00,-9999.00,-9999.00,-9999.00,-9999.00,-9999.00,-9999.00
3,1,61,4.13,0.33,-17.29,0.33,0.42,0.33,-1.77,0.33,-9999.00,-9999.00,11.80,0.00,2.34,0.00,-9999.00,-9999.00,-9999.00,-9999.00,-9999.00,-9999.00,-9999.00,-9999.00,-9999.00,-9999.00,-9999.00,-9999.00,-9999.00,-9999.00
3,2,62,5.74,0.31,-8.00,0.31,1.04,0.31,-1.81,0.31,-9999.00,-9999.00,19.81,0.00,4.43,0.00,-9999.00,-9999.00,-9999.00,-9999.00,-9999.00,-9999.00,-9999.00,-9999.00,-9999.00,-9999.00,-9999.00,-9999.00,-9999.00,-9999.00
3,3,63,7.72,0.42,-8.44,0.44,0.80,0.44,-1.84,0.44,-9999.00,-9999.00,20.10,0.00,2.74,0.00,-9999.00,-9999.00,-9999.00,-9999.00,-9999.00,-9999.00,-9999.00,-9999.00,-9999.00,-9999.00,-9999.00,-9999.00,-9999.00,-9999.00
3,4,64,9.79,0.58,-6.19,0.63,0.98,0.63,-1.85,0.63,-9999.00,-9999.00,47.93,0.00,4.90,0.00,-9999.00,-9999.00,-9999.00,-9999.00,-9999.00,-9999.00,-9999.00,-9999.00,-9999.00,-9999.00,-9999.00,-9999.00,-9999.00,-9999.00
3,5,65,9.51,0.48,-5.64,0.67,1.13,0.67,-1.84,0.67,-9999.00,-9999.00,51.89,0.00,5.10,0.00,-9999.00,-9999.00,-9999.00,-9999.00,-9999.00,-9999.00,-9999.00,-9999.00,-9999.00,-9999.00,-9999.00,-9999.00,-9999.00,-9999.00
3,6,66,8.31,0.83,-5.54,0.83,0.99,0.83,-1.82,0.83,0.00,-9999.00,42.86,0.00,5.42,0.00,-9999.00,-9999.00,-9999.00,-9999.00,-9999.00,-9999.00,-9999.00,-9999.00,-9999.00,-9999.00,-9999.00,-9999.00,-9999.00,-9999.00
3,7,67,8.28,0.17,-5.64,0.17,1.04,0.17,-1.81,0.17,-9999.00,-9999.00,65.55,0.00,2.32,0.00,-9999.00,-9999.00,-9999.00,-9999.00,-9999.00,-9999.00,-9999.00,-9999.00,-9999.00,-9999.00,-9999.00,-9999.00,-9999.00,-9999.00
3,8,68,8.25,0.19,-6.32,0.19,1.05,0.19,-1.80,0.19,-9999.00,-9999.00,59.42,0.00,3.83,0.00,-9999.00,-9999.00,-9999.00,-9999.00,-9999.00,-9999.00,-9999.00,-9999.00,-9999.00,-9999.00,-9999.00,-9999.00,-9999.00,-9999.00
3,9,69,7.94,0.04,-8.02,0.04,0.93,0.04,-1.79,0.04,-9999.00,-9999.00,58.08,0.00,3.33,0.00,0.00,0.00,0.22,0.00,-0.22,0.27,0.00,-0.27,0.21,0.02,-0.21,0.27,0.02,-0.27
3,10,70,8.09,0.08,-11.13,0.08,0.79,0.08,-1.78,0.08,-9999.00,-9999.00,45.70,0.00,2.00,0.00,0.00,0.00,0.16,0.00,-0.16,0.23,0.00,-0.23,0.17,0.02,-0.17,0.24,0.02,-0.24
3,11,71,8.76,0.02,-12.30,0.02,0.75,0.02,-1.78,0.02,-9999.00,-9999.00,60.34,0.00,1.85,0.00,0.00,0.00,0.08,0.00,-0.08,0.08,0.00,-0.08,0.08,0.00,-0.08,0.08,0.00,-0.08
3,12,72,9.07,0.02,-12.01,0.02,0.77,0.02,-1.78,0.02,-9999.00,-9999.00,60.40,0.00,3.59,0.00,0.00,0.00,0.13,0.00,-0.13,0.16,0.00,-0.16,0.13,0.00,-0.13,0.16,0.00,-0.16
3,13,73,9.86,0.27,-12.80,0.27,0.87,0.27,-1.78,0.27,-9999.00,-9999.00,33.17,0.00,7.20,0.00,0.00,0.00,0.18,0.00,-0.18,0.23,0.00,-0.23,0.19,0.21,-0.19,0.25,0.21,-0.25
3,14,74,10.41,0.02,-14.00,0.02,0.88,0.02,-1.78,0.02,-9999.00,-9999.00,58.84,0.00,1.89,0.00,0.00,0.00,0.07,0.00,-0.07,0.18,0.00,-0.18,0.07,0.00,-0.07,0.18,0.00,-0.18
3,15,75,10.36,0.08,-13.53,0.08,0.94,0.08,-1.81,0.08,-9999.00,-9999.00,64.46,0.00,2.44,0.00,0.00,0.00,0.08,0.00,-0.08,0.10,0.00,-0.10,0.08,0.00,-0.08,0.10,0.00,-0.10
3,16,76,9.34,0.58,-13.48,0.58,0.95,0.58,-1.83,0.58,-9999.00,-9999.00,39.41,0.06,4.03,0.06,0.00,0.00,0.25,0.02,-0.25,0.29,0.02,-0.29,0.08,0.54,-0.08,0.20,0.54,-0.20
3,17,77,7.18,0.65,-12.65,0.65,0.98,0.65,-1.87,0.65,-9999.00,-9999.00,21.65,0.06,3.50,0.06,0.00,0.00,0.17,0.06,-0.17,0.23,0.06,-0.23,0.05,0.52,-0.05,0.20,0.52,-0.20
3,18,78,9.22,0.21,-11.43,0.21,1.07,0.21,-1.88,0.21,-9999.00,-9999.00,49.38,0.08,2.22,0.08,0.00,0.00,0.09,0.08,-0.09,0.11,0.08,-0.11,0.09,0.00,-0.09,0.11,0.00,-0.11
3,19,79,7.97,0.10,-12.02,0.06,0.77,0.06,-1.89,0.10,-9999.00,-9999.00,56.30,0.02,4.27,0.02,0.00,0.00,0.13,0.02,-0.13,0.16,0.02,-0.16,0.13,0.00,-0.13,0.16,0.00,-0.16
3,20,80,7.71,0.50,-13.45,0.50,0.59,0.50,-1.90,0.50,-9999.00,-9999.00,25.00,0.04,2.94,0.04,0.00,0.00,0.16,0.04,-0.16,0.21,0.04,-0.21,0.15,0.44,-0.15,0.17,0.44,-0.17
3,21,81,10.02,0.04,-15.18,0.04,0.60,0.04,-1.89,0.04,-9999.00,-9999.00,47.78,0.00,4.10,0.00,0.00,0.00,0.08,0.00,-0.08,0.19,0.00,-0.19,0.08,0.00,-0.08,0.19,0.00,-0.19
3,22,82,14.23,0.60,-18.00,0.60,0.61,0.60,-1.87,0.60,-9999.00,-9999.00,57.29,0.46,2.40,0.40,0.00,0.00,0.09,0.42,-0.09,0.12,0.42,-0.12,0.12,0.33,-0.12,0.17,0.33,-0.17
3,23,83,10.50,1.00,-17.08,1.00,0.62,1.00,-1.83,1.00,0.00,-9999.00,37.84,1.00,3.39,1.00,0.00,0.01,0.11,1.00,-0.11,0.14,1.00,-0.14,0.12,1.00,-0.12,0.19,1.00,-0.19
3,24,84,15.62,1.00,-16.95,1.00,0.82,1.00,-1.79,1.00,0.00,-9999.00,68.54,1.00,2.35,1.00,0.00,0.03,0.11,1.00,-0.11,0.13,1.00,-0.11,0.13,1.00,-0.13,0.19,1.00,-0.16
3,25,85,15.66,1.00,-19.32,1.00,0.65,1.00,-1.77,1.00,0.00,-9999.00,78.02,1.00,2.06,1.00,0.00,0.01,0.02,1.00,-0.02,0.06,1.00,-0.05,0.03,1.00,-0.02,0.08,1.00,-0.06
3,26,86,14.52,1.00,-21.86,1.00,0.64,1.00,-1.78,1.00,0.00,-9999.00,60.95,1.00,3.23,1.00,0.02,0.02,0.41,1.00,-0.39,0.45,1.00,-0.43,0.51,1.00,-0.50,0.51,1.00,-0.49
3,27,87,13.42,1.00,-16.58,1.00,0.92,1.00,-1.81,1.00,0.00,-9999.00,56.80,1.00,2.15,1.00,0.05,0.05,0.43,1.00,-0.38,0.38,1.00,-0.33,0.44,1.00,-0.39,0.43,1.00,-0.38
3,28,88,16.01,1.00,-15.54,1.00,1.05,1.00,-1.86,1.00,0.00,-9999.00,58.20,1.00,4.05,1.00,0.05,0.05,0.12,1.00,-0.08,0.17,1.00,-0.13,0.13,1.00,-0.09,0.19,1.00,-0.14
3,29,89,14.11,1.00,-14.81,1.00,1.38,1.00,-1.94,1.00,0.00,-9999.00,61.48,1.00,6.87,1.00,0.08,0.07,0.19,1.00,-0.12,0.17,1.00,-0.11,0.21,0.94,-0.13,0.18,0.94,-0.11
3,30,90,16.34,1.00,-9.82,1.00,1.98,1.00,-2.00,1.00,0.00,-9999.00,80.47,1.00,6.18,1.00,0.14,0.12,0.20,1.00,-0.06,0.21,1.00,-0.09,0.20,1.00,-0.06,0.21,1.00,-0.09
3,31,91,7.26,1.00,-7.69,1.00,1.32,1.00,-2.06,1.00,0.00,-9999.00,40.16,1.00,5.51,1.00,0.19,0.18,0.16,1.00,0.04,0.14,1.00,0.04,0.16,1.00,0.04,0.14,1.00,0.04
4,1,92,7.68,1.00,-3.32,1.00,0.61,1.00,-2.10,1.00,0.00,-9999.00,38.83,1.00,9.62,1.00,0.34,0.31,0.44,1.00,-0.10,0.37,1.00,-0.06,0.32,1.00,0.02,0.25,1.00,0.06
4,2,93,7.09,1.00,2.13,1.00,1.83,1.00,-2.10,1.00,0.00,-9999.00,5.54,1.00,11.10,1.00,0.55,0.54,0.49,1.00,0.06,0.45,1.00,0.09,0.49,1.00,0.06,0.45,1.00,0.09
4,3,94,15.13,1.00,-2.70,1.00,2.67,1.00,-1.74,1.00,0.00,-9999.00,120.78,1.00,12.81,1.00,0.34,0.33,0.44,1.00,-0.10,0.46,1.00,-0.13,0.43,1.00,-0.09,0.45,1.00,-0.12
4,4,95,17.85,1.00,-7.99,1.00,1.95,1.00,-1.62,1.00,0.00,-9999.00,96.01,1.00,6.64,1.00,0.18,0.17,0.31,1.00,-0.13,0.30,1.00,-0.12,0.31,1.00,-0.13,0.29,1.00,-0.12
4,5,96,11.70,1.00,-2.66,1.00,2.47,1.00,-1.59,1.00,0.00,-9999.00,24.01,1.00,4.79,1.00,0.42,0.41,0.37,1.00,0.06,0.35,1.00,0.05,0.37,1.00,0.06,0.35,1.00,0.05
4,6,97,7.40,1.00,4.75,1.00,3.70,1.00,-1.54,1.00,0.00,-9999.00,-1.05,1.00,6.88,1.00,0.80,0.78,0.60,1.00,0.20,0.62,1.00,0.16,0.59,1.00,0.21,0.62,1.00,0.16
4,7,98,14.16,1.00,1.13,1.00,1.96,1.00,-1.12,1.00,0.00,-9999.00,44.90,1.00,13.67,1.00,0.55,0.55,0.68,1.00,-0.13,0.60,1.00,-0.05,0.68,1.00,-0.13,0.60,1.00,-0.05
4,8,99,7.97,1.00,-2.68,1.00,0.45,1.00,-0.87,1.00,0.00,-9999.00,13.25,1.00,14.16,1.00,0.36,0.35,0.54,1.00,-0.19,0.54,1.00,-0.20,0.53,1.00,-0.18,0.54,1.00,-0.19
4,9,100,17.74,1.00,-9.09,1.00,1.24,1.00,-0.76,1.00,0.00,-9999.00,111.28,1.00,16.12,0.98,0.16,0.15,0.56,0.96,-0.40,0.57,0.96,-0.42,0.56,0.96,-0.40,0.56,0.96,-0.41
4,10,101,17.94,1.00,-15.68,1.00,0.91,1.00,-0.71,1.00,0.00,-9999.00,122.25,1.00,3.05,0.42,0.06,0.05,0.41,0.35,-0.35,0.31,0.38,-0.26,0.48,1.00,-0.42,0.34,1.00,-0.29
4,11,102,19.43,1.00,-12.17,1.00,1.47,1.00,-0.69,1.00,0.00,-9999.00,126.42,1.00,3.62,0.71,0.15,0.14,0.28,0.71,-0.14,0.18,0.69,-0.04,0.42,0.98,-0.27,0.28,0.98,-0.14
4,12,103,20.30,1.00,-9.26,1.00,1.83,1.00,-0.71,1.00,0.00,-9999.00,104.59,1.00,2.53,0.96,0.22,0.18,0.43,0.96,-0.22,0.49,0.94,-0.31,0.41,0.98,-0.19,0.44,0.98,-0.26
4,13,104,19.40,1.00,-6.41,1.00,2.37,1.00,-0.77,1.00,0.00,-9999.00,81.29,1.00,1.97,1.00,0.30,0.24,0.41,1.00,-0.10,0.40,1.00,-0.16,0.42,1.00,-0.11,0.37,1.00,-0.14
4,14,105,20.62,1.00,-4.40,1.00,2.69,1.00,-0.84,1.00,0.00,-9999.00,87.89,1.00,1.34,1.00,0.39,0.30,0.42,1.00,-0.03,0.43,1.00,-0.13,0.44,1.00,-0.06,0.44,1.00,-0.14
4,15,106,14.65,1.00,-2.01,1.00,2.99,1.00,-0.92,1.00,0.00,-9999.00,56.59,1.00,1.78,1.00,0.51,0.40,0.46,1.00,0.05,0.54,0.98,-0.15,0.49,1.00,0.02,0.51,1.00,-0.12
4,16,107,11.35,1.00,-1.99,1.00,1.50,1.00,-0.99,1.00,0.00,-9999.00,45.42,1.00,1.70,1.00,0.48,0.38,0.41,1.00,0.07,0.45,1.00,-0.08,0.50,1.00,-0.01,0.51,1.00,-0.14
4,17,108,15.35,1.00,-0.00,1.00,3.16,1.00,-1.02,1.00,0.00,-9999.00,76.88,1.00,2.56,1.00,0.62,0.47,0.42,1.00,0.20,0.43,0.98,0.04,0.55,1.00,0.07,0.57,1.00,-0.10
4,18,109,18.18,1.00,-0.09,1.00,4.38,1.00,-1.03,1.00,0.00,-9999.00,80.64,0.92,6.07,0.92,0.56,0.43,0.43,0.92,0.13,0.45,0.92,-0.03,0.60,1.00,-0.04,0.57,1.00,-0.15
4,19,110,21.39,1.00,0.72,1.00,4.73,1.00,-1.02,1.00,0.00,-9999.00,96.17,0.75,7.38,0.75,0.59,0.47,0.49,0.75,0.11,0.52,0.75,-0.04,0.58,1.00,0.01,0.59,1.00,-0.12
4,20,111,16.81,1.00,2.81,1.00,5.05,1.00,-0.99,1.00,0.00,-9999.00,65.54,0.50,6.19,0.50,0.62,0.56,0.48,0.50,0.14,0.54,0.60,0.02,0.59,1.00,0.03,0.61,1.00,-0.05
4,21,112,10.95,1.00,0.84,1.00,2.70,1.00,-0.81,1.00,0.00,-9999.00,41.93,0.98,6.52,0.98,0.53,0.45,0.61,0.98,-0.08,0.60,0.96,-0.16,0.65,1.00,-0.12,0.63,1.00,-0.18
4,22,113,22.69,1.00,-3.52,1.00,2.76,1.00,-0.66,1.00,0.00,-9999.00,115.08,1.00,12.85,1.00,0.44,0.33,0.62,1.00,-0.18,0.62,1.00,-0.29,0.54,1.00,-0.10,0.54,1.00,-0.21
4,23,114,19.56,1.00,-1.74,1.00,3.49,1.00,-0.59,1.00,0.00,-9999.00,96.93,1.00,13.14,1.00,0.62,0.51,0.57,1.00,0.04,0.59,1.00,-0.08,0.50,1.00,0.12,0.54,1.00,-0.03
4,24,115,4.28,1.00,-0.26,1.00,1.28,1.00,-0.55,1.00,0.00,-9999.00,-7.93,1.00,8.47,1.00,0.71,0.59,0.65,1.00,0.06,0.53,1.00,0.07,0.67,1.00,0.04,0.57,1.00,0.03
4,25,116,23.57,1.00,-0.90,1.00,3.62,1.00,-0.52,1.00,0.00,-9999.00,97.35,1.00,15.37,1.00,0.68,0.56,0.62,1.00,0.06,0.66,1.00,-0.10,0.62,1.00,0.05,0.67,1.00,-0.11
4,26,117,22.33,1.00,-6.80,1.00,1.78,1.00,-0.50,1.00,0.10,-9999.00,171.21,1.00,8.92,1.00,0.31,0.25,0.64,1.00,-0.33,0.64,1.00,-0.39,0.64,1.00,-0.33,0.64,1.00,-0.39
4,27,118,18.43,1.00,-7.49,1.00,1.42,1.00,-0.48,1.00,0.00,-9999.00,116.46,1.00,9.23,1.00,0.30,0.25,0.58,1.00,-0.28,0.54,1.00,-0.29,0.57,1.00,-0.27,0.53,1.00,-0.28
4,28,119,17.21,1.00,-4.09,1.00,1.81,1.00,-0.48,1.00,2.70,-9999.00,110.77,1.00,6.66,1.00,0.61,0.55,0.54,1.00,0.07,0.51,1.00,0.04,0.53,1.00,0.08,0.50,1.00,0.05
4,29,120,16.20,1.00,-2.58,1.00,1.96,1.00,-0.48,1.00,0.00,-9999.00,69.47,1.00,5.36,1.00,0.65,0.54,0.55,1.00,0.09,0.50,1.00,0.04,0.55,1.00,0.10,0.51,1.00,0.03
4,30,121,15.85,1.00,-0.70,1.00,1.97,1.00,-0.49,1.00,3.60,-9999.00,84.28,1.00,13.25,1.00,0.68,0.56,0.58,1.00,0.10,0.57,1.00,-0.01,0.59,1.00,0.10,0.59,1.00,-0.03
5,1,122,19.43,1.00,-5.52,1.00,2.04,1.00,-0.50,1.00,2.40,-9999.00,122.73,1.00,8.18,1.00,0.31,0.25,0.52,1.00,-0.21,0.48,1.00,-0.23,0.52,1.00,-0.21,0.48,1.00,-0.23
5,2,123,18.07,1.00,0.09,1.00,1.52,1.00,-0.51,1.00,6.00,-9999.00,79.05,1.00,5.94,1.00,0.58,0.49,0.54,1.00,0.03,0.49,1.00,0.01,0.55,1.00,0.02,0.47,1.00,0.03
5,3,124,14.25,1.00,2.73,1.00,1.84,1.00,-0.41,1.00,8.80,-9999.00,46.14,1.00,2.94,1.00,0.72,0.65,0.49,1.00,0.23,0.37,1.00,0.28,0.49,1.00,0.23,0.25,1.00,0.41
5,4,125,15.90,1.00,4.93,1.00,3.93,1.00,-0.29,1.00,16.40,-9999.00,51.51,1.00,6.87,1.00,0.86,0.80,0.37,0.98,0.48,0.37,0.98,0.43,0.42,1.00,0.44,0.47,1.00,0.33
5,5,126,8.07,1.00,3.41,1.00,2.81,1.00,-0.27,1.00,9.00,-9999.00,13.47,1.00,9.82,1.00,0.70,0.66,0.53,1.00,0.17,0.52,1.00,0.14,0.54,1.00,0.16,0.52,1.00,0.14
5,6,127,8.75,1.00,2.71,1.00,2.06,1.00,-0.27,1.00,11.20,-9999.00,19.55,1.00,4.81,1.00,0.64,0.60,0.45,1.00,0.19,0.42,1.00,0.18,0.47,1.00,0.18,0.46,1.00,0.14
5,7,128,11.67,1.00,2.30,1.00,1.32,1.00,-0.27,1.00,14.30,-9999.00,24.84,1.00,11.15,1.00,0.62,0.58,0.42,1.00,0.20,0.47,1.00,0.11,0.47,1.00,0.15,0.52,1.00,0.06
5,8,129,14.42,1.00,3.67,1.00,2.36,1.00,-0.27,1.00,11.40,-9999.00,61.26,1.00,7.45,1.00,0.71,0.68,0.22,1.00,0.49,0.31,1.00,0.37,0.25,1.00,0.45,0.33,1.00,0.34
5,9,130,4.15,0.94,1.76,0.94,0.97,0.94,-0.27,0.94,5.02,-9999.00,0.86,0.94,0.47,0.94,0.59,0.57,0.42,0.94,0.17,0.37,0.92,0.20,0.43,0.92,0.16,0.43,0.92,0.15
5,10,131,10.11,0.73,1.02,0.73,1.38,0.73,-0.26,0.73,-9999.00,-9999.00,47.25,0.71,6.05,0.71,0.57,0.53,0.28,0.69,0.29,0.25,0.69,0.29,0.29,0.67,0.28,0.25,0.67,0.28
5,11,132,15.97,0.96,2.21,1.00,2.66,1.00,-0.27,1.00,1.50,-9999.00,61.55,1.00,15.20,1.00,0.70,0.68,0.30,1.00,0.40,0.30,1.00,0.38,0.30,1.00,0.40,0.30,1.00,0.38
5,12,133,20.86,1.00,4.01,1.00,4.99,1.00,-0.27,1.00,0.10,-9999.00,85.02,1.00,14.75,1.00,0.85,0.80,0.18,1.00,0.67,0.20,1.00,0.61,0.32,1.00,0.53,0.21,1.00,0.59
5,13,134,25.10,1.00,8.23,1.00,6.91,1.00,-0.27,1.00,0.10,-9999.00,90.47,1.00,11.74,1.00,1.25,1.15,0.19,1.00,1.05,-0.05,1.00,1.20,0.21,1.00,1.03,0.04,1.00,1.10
5,14,135,12.60,1.00,12.97,1.00,7.06,1.00,-0.27,1.00,0.00,-9999.00,21.00,1.00,3.96,1.00,1.76,1.62,0.30,1.00,1.46,0.25,1.00,1.37,0.30,1.00,1.46,0.25,1.00,1.37
5,15,136,17.05,1.00,17.67,1.00,12.44,1.00,-0.26,1.00,0.00,-9999.00,26.00,1.00,13.12,1.00,2.33,2.16,-0.00,1.00,2.33,-0.03,1.00,2.19,-0.04,1.00,2.36,-0.04,1.00,2.20
5,16,137,21.95,1.00,19.64,1.00,14.22,1.00,-0.26,1.00,0.00,-9999.00,41.20,1.00,23.28,1.00,2.61,2.42,-1.22,1.00,3.83,-1.14,0.98,3.57,-1.33,1.00,3.93,-1.31,1.00,3.73
5,17,138,24.24,1.00,9.85,1.00,7.29,1.00,-0.26,1.00,0.00,-9999.00,65.93,1.00,30.16,1.00,1.42,1.30,-2.50,1.00,3.92,-2.47,1.00,3.77,-2.49,1.00,3.91,-2.47,1.00,3.77
5,18,139,23.16,1.00,9.39,1.00,9.33,1.00,-0.25,1.00,0.00,-9999.00,58.95,1.00,42.16,1.00,1.44,1.31,-2.06,1.00,3.50,-2.01,1.00,3.31,-2.12,1.00,3.56,-2.06,1.00,3.37
5,19,140,21.88,1.00,15.73,1.00,13.59,1.00,-0.03,1.00,0.00,-9999.00,47.22,1.00,31.96,0.98,2.16,1.90,-1.22,0.96,3.37,-1.20,0.96,3.10,-1.55,0.96,3.70,-1.35,0.96,3.25
5,20,141,6.45,0.88,6.66,0.88,2.77,0.88,-0.09,0.88,-9999.00,-9999.00,-8.06,0.79,19.34,0.77,1.13,0.99,-0.76,0.77,1.88,-0.77,0.77,1.76,-1.10,0.69,2.22,-1.06,0.69,2.06
5,21,142,25.31,1.00,6.29,1.00,4.72,1.00,0.03,1.00,0.11,-9999.00,96.75,1.00,68.14,1.00,1.18,1.06,-3.39,0.96,4.57,-3.51,0.96,4.57,-3.42,0.94,4.60,-3.52,0.94,4.58
5,22,143,28.79,1.00,4.09,1.00,4.91,1.00,-0.01,1.00,0.00,-9999.00,151.19,1.00,54.07,1.00,0.99,0.91,-2.38,1.00,3.38,-2.37,1.00,3.28,-2.38,1.00,3.38,-2.38,1.00,3.29
5,23,144,28.65,1.00,4.63,1.00,5.44,1.00,0.05,1.00,0.00,-9999.00,139.24,1.00,42.75,1.00,1.05,1.04,-1.68,1.00,2.74,-1.68,1.00,2.73,-1.70,1.00,2.76,-1.73,1.00,2.78
5,24,145,27.96,1.00,10.72,1.00,9.33,1.00,0.42,1.00,0.00,-9999.00,124.20,1.00,51.76,1.00,1.73,1.80,-2.28,1.00,4.01,-2.33,1.00,4.14,-2.28,1.00,4.01,-2.33,1.00,4.13
5,25,146,28.61,1.00,10.18,1.00,7.61,1.00,0.63,1.00,0.00,-9999.00,118.84,1.00,56.60,1.00,1.74,1.84,-2.90,1.00,4.64,-2.90,1.00,4.74,-2.89,1.00,4.63,-2.89,1.00,4.74
5,26,147,14.11,1.00,11.51,1.00,9.53,1.00,0.79,1.00,0.00,-9999.00,36.65,1.00,47.86,1.00,1.85,2.02,-2.50,1.00,4.34,-2.43,1.00,4.45,-2.51,1.00,4.35,-2.47,1.00,4.49
5,27,148,17.80,0.96,16.02,0.96,11.93,0.96,1.49,0.96,0.00,-9999.00,52.49,0.92,47.31,0.85,2.38,2.63,-2.51,0.85,4.90,-2.35,0.85,4.98,-2.29,0.90,4.67,-2.08,0.90,4.71
5,28,149,22.33,1.00,16.59,1.00,7.69,1.00,2.52,1.00,1.30,-9999.00,71.75,1.00,64.12,0.92,2.49,2.71,-3.17,0.98,5.66,-2.99,0.98,5.70,-3.58,1.00,6.07,-3.31,1.00,6.02
5,29,150,14.36,1.00,16.86,1.00,7.94,1.00,3.05,1.00,0.90,-9999.00,30.16,1.00,42.03,0.92,2.51,2.82,-2.21,0.98,4.73,-2.15,0.98,4.97,-2.33,1.00,4.84,-2.21,1.00,5.03
5,30,151,13.68,1.00,15.54,1.00,4.54,1.00,3.75,1.00,3.80,-9999.00,10.71,1.00,33.72,0.96,2.31,2.62,-3.26,1.00,5.57,-2.91,1.00,5.52,-3.51,1.00,5.82,-3.07,1.00,5.69
5,31,152,19.08,1.00,6.94,1.00,3.24,1.00,3.40,1.00,1.90,-9999.00,60.72,1.00,73.76,1.00,1.21,1.42,-2.95,0.98,4.16,-2.92,0.98,4.34,-3.25,1.00,4.46,-3.12,1.00,4.54
6,1,153,27.38,1.00,3.89,1.00,4.46,1.00,2.47,1.00,0.10,-9999.00,138.51,1.00,66.02,1.00,0.45,0.99,-2.66,1.00,3.11,-2.65,1.00,3.64,-2.73,1.00,3.18,-2.65,1.00,3.64
6,2,154,5.59,1.00,5.67,1.00,2.40,1.00,2.33,1.00,6.90,-9999.00,-28.59,1.00,19.74,1.00,0.69,1.01,-0.79,1.00,1.48,-0.90,1.00,1.92,-0.90,1.00,1.59,-0.96,1.00,1.98
6,3,155,16.72,1.00,9.08,1.00,3.50,1.00,3.37,1.00,2.70,-9999.00,48.47,1.00,64.87,1.00,1.07,1.33,-3.17,1.00,4.24,-3.02,0.98,4.35,-3.19,1.00,4.26,-3.12,1.00,4.45
6,4,156,14.07,1.00,9.23,1.00,1.45,1.00,4.14,1.00,0.60,-9999.00,40.93,1.00,27.21,1.00,1.18,1.36,-4.04,1.00,5.22,-3.89,1.00,5.25,-3.95,1.00,5.13,-3.80,1.00,5.15
6,5,157,24.60,1.00,21.39,1.00,17.95,1.00,5.86,1.00,0.20,-9999.00,47.81,1.00,51.44,1.00,2.65,3.04,-2.60,1.00,5.25,-1.68,1.00,4.72,-2.33,1.00,4.98,-1.40,1.00,4.44
6,6,158,17.95,1.00,22.53,1.00,13.18,1.00,7.96,1.00,0.80,-9999.00,37.46,1.00,63.79,1.00,2.68,3.07,-2.37,1.00,5.05,-2.35,1.00,5.41,-2.39,1.00,5.06,-2.35,1.00,5.41
6,7,159,22.21,1.00,15.84,1.00,8.05,1.00,8.14,1.00,3.20,-9999.00,69.65,1.00,78.54,1.00,1.92,2.12,-3.83,1.00,5.74,-3.87,1.00,5.99,-3.84,1.00,5.76,-3.95,1.00,6.07
6,8,160,17.97,1.00,11.87,1.00,5.20,1.00,7.50,1.00,1.60,-9999.00,59.47,1.00,59.72,1.00,1.56,1.64,-4.46,1.00,6.02,-4.56,1.00,6.20,-4.46,1.00,6.02,-4.54,1.00,6.18
6,9,161,7.27,1.00,8.91,1.00,1.71,1.00,6.69,1.00,2.50,-9999.00,-1.52,1.00,19.19,1.00,1.43,1.33,-2.10,1.00,3.54,-1.92,1.00,3.24,-2.12,1.00,3.56,-1.96,1.00,3.28
6,10,162,17.72,1.00,19.13,1.00,11.89,1.00,7.89,1.00,0.00,-9999.00,39.95,1.00,53.53,1.00,2.81,2.56,-2.91,1.00,5.72,-2.96,0.98,5.52,-2.96,1.00,5.77,-3.03,1.00,5.59
6,11,163,24.21,1.00,22.07,1.00,15.10,1.00,9.25,1.00,0.00,-9999.00,85.91,1.00,60.67,1.00,3.28,2.84,-1.96,1.00,5.24,-2.16,1.00,5.00,-2.01,1.00,5.29,-2.14,1.00,4.98
6,12,164,19.01,1.00,20.44,1.00,11.11,1.00,9.92,1.00,0.00,-9999.00,56.69,1.00,45.71,1.00,3.11,2.71,-2.61,1.00,5.71,-2.55,1.00,5.25,-2.61,1.00,5.72,-2.51,1.00,5.22
6,13,165,21.02,1.00,21.50,1.00,12.72,1.00,10.41,1.00,0.00,-9999.00,63.10,1.00,40.28,1.00,3.37,2.89,-2.09,1.00,5.46,-2.14,1.00,5.03,-2.19,1.00,5.57,-2.19,1.00,5.08
6,14,166,16.54,1.00,20.12,1.00,8.84,1.00,10.76,1.00,5.00,-9999.00,36.05,1.00,42.77,1.00,3.22,2.69,-2.29,1.00,5.50,-2.36,1.00,5.05,-2.32,1.00,5.54,-2.44,1.00,5.14
6,15,167,15.99,1.00,18.65,1.00,4.43,1.00,11.15,1.00,2.60,-9999.00,23.09,1.00,51.99,1.00,2.93,2.46,-2.09,1.00,5.02,-2.12,1.00,4.58,-2.08,1.00,5.01,-2.10,1.00,4.56
6,16,168,16.53,1.00,17.14,1.00,5.82,1.00,11.05,1.00,1.40,-9999.00,31.46,1.00,68.00,1.00,2.71,2.23,-2.94,1.00,5.65,-2.83,1.00,5.07,-2.94,1.00,5.65,-2.85,1.00,5.09
6,17,169,12.04,1.00,16.24,1.00,4.97,1.00,10.53,1.00,0.80,-9999.00,17.52,1.00,32.84,1.00,2.82,2.27,-2.43,1.00,5.25,-2.53,1.00,4.80,-2.52,1.00,5.34,-2.57,1.00,4.85
6,18,170,15.67,1.00,16.51,1.00,3.80,1.00,10.99,1.00,3.70,-9999.00,39.29,1.00,50.84,1.00,2.91,2.41,-2.99,1.00,5.90,-3.08,1.00,5.49,-2.93,1.00,5.84,-3.00,1.00,5.40
6,19,171,19.62,1.00,20.75,1.00,8.61,1.00,11.38,1.00,0.60,-9999.00,57.70,1.00,60.40,1.00,3.74,3.17,-2.73,1.00,6.47,-2.80,1.00,5.97,-2.65,1.00,6.39,-2.73,1.00,5.90
6,20,172,25.31,1.00,24.36,1.00,15.46,1.00,12.62,1.00,0.00,-9999.00,80.21,1.00,65.34,1.00,4.45,3.76,-1.13,1.00,5.58,-1.26,1.00,5.01,-1.18,1.00,5.62,-1.32,1.00,5.08
6,21,173,18.95,1.00,19.96,1.00,10.05,1.00,12.68,1.00,0.00,-9999.00,65.63,1.00,64.87,1.00,3.66,3.08,-2.08,1.00,5.74,-1.90,1.00,4.97,-2.08,1.00,5.75,-1.91,1.00,4.99
6,22,174,23.57,1.00,21.77,1.00,16.25,1.00,12.24,1.00,0.00,-9999.00,72.31,1.00,59.35,1.00,3.88,3.42,-2.68,1.00,6.57,-2.73,1.00,6.15,-2.67,1.00,6.55,-2.77,1.00,6.19
6,23,175,23.90,1.00,21.33,1.00,14.13,1.00,12.42,1.00,0.00,-9999.00,69.99,1.00,52.51,1.00,3.69,3.35,-2.70,1.00,6.38,-2.72,1.00,6.07,-2.84,1.00,6.53,-2.84,1.00,6.19
6,24,176,17.39,1.00,22.06,1.00,13.38,1.00,12.77,1.00,0.00,-9999.00,26.36,1.00,60.80,1.00,3.66,3.46,-2.50,1.00,6.16,-2.52,1.00,5.98,-2.51,1.00,6.17,-2.54,1.00,6.01
6,25,177,29.86,1.00,22.10,1.00,17.71,1.00,12.80,1.00,0.00,-9999.00,84.16,1.00,97.82,1.00,3.32,3.43,-3.14,1.00,6.46,-3.03,1.00,6.46,-3.14,1.00,6.46,-3.07,1.00,6.49
6,26,178,29.63,1.00,21.76,1.00,19.07,1.00,12.43,1.00,0.00,-9999.00,86.99,1.00,73.11,1.00,3.38,3.44,-2.42,1.00,5.80,-2.23,1.00,5.67,-2.51,1.00,5.89,-2.28,1.00,5.71
6,27,179,29.49,1.00,24.08,1.00,22.40,1.00,12.74,1.00,0.00,-9999.00,95.28,1.00,62.75,1.00,3.75,3.77,-2.10,1.00,5.84,-1.91,0.94,5.68,-2.07,1.00,5.82,-1.96,1.00,5.72
6,28,180,28.72,1.00,25.14,1.00,23.28,1.00,13.18,1.00,0.00,-9999.00,99.92,1.00,61.26,1.00,3.91,4.13,-2.83,1.00,6.74,-2.48,1.00,6.61,-2.78,1.00,6.69,-2.34,1.00,6.48
6,29,181,27.40,1.00,24.41,1.00,20.78,1.00,13.60,1.00,0.00,-9999.00,83.51,1.00,82.93,1.00,3.62,4.22,-3.01,1.00,6.63,-2.83,0.96,7.06,-3.02,1.00,6.63,-2.86,1.00,7.08
6,30,182,27.07,1.00,20.50,1.00,14.23,1.00,13.18,1.00,0.00,-9999.00,83.63,1.00,66.55,1.00,3.08,3.52,-3.54,1.00,6.62,-3.56,1.00,7.08,-3.54,1.00,6.63,-3.57,1.00,7.09
7,1,183,19.75,1.00,20.77,1.00,14.13,1.00,13.06,1.00,0.00,-9999.00,58.89,1.00,58.05,1.00,3.29,3.67,-3.22,1.00,6.51,-2.97,1.00,6.64,-3.22,1.00,6.52,-3.00,1.00,6.67
7,2,184,18.59,1.00,11.46,1.00,5.35,1.00,11.71,1.00,0.00,-9999.00,86.22,1.00,48.59,1.00,2.01,2.10,-5.56,1.00,7.57,-5.58,1.00,7.67,-5.57,1.00,7.58,-5.61,1.00,7.71
7,3,185,19.97,1.00,11.22,1.00,4.76,1.00,10.89,1.00,0.00,-9999.00,87.32,1.00,45.30,1.00,2.30,2.16,-4.99,1.00,7.29,-4.94,1.00,7.10,-5.02,1.00,7.32,-4.94,1.00,7.10
7,4,186,17.95,1.00,12.65,1.00,3.71,1.00,10.80,1.00,10.40,-9999.00,39.77,1.00,53.52,1.00,2.68,2.52,-2.67,1.00,5.35,-2.65,1.00,5.17,-2.68,1.00,5.35,-2.63,1.00,5.16
7,5,187,15.52,1.00,12.31,1.00,2.57,1.00,10.90,1.00,8.20,-9999.00,38.53,1.00,46.31,1.00,2.87,2.68,-2.96,1.00,5.83,-3.04,1.00,5.72,-2.95,1.00,5.82,-3.09,1.00,5.77
7,6,188,20.95,1.00,12.91,1.00,4.60,1.00,10.75,1.00,0.40,-9999.00,61.42,1.00,60.17,1.00,3.12,2.93,-4.27,1.00,7.39,-4.23,1.00,7.16,-4.27,1.00,7.39,-4.22,1.00,7.15
7,7,189,13.97,1.00,12.49,1.00,2.43,1.00,10.52,1.00,1.90,-9999.00,19.86,1.00,36.87,1.00,3.03,2.80,-2.51,1.00,5.54,-2.46,1.00,5.25,-2.51,1.00,5.54,-2.45,1.00,5.25
7,8,190,17.17,1.00,15.00,1.00,4.64,1.00,10.97,1.00,1.30,-9999.00,34.73,1.00,55.49,1.00,3.65,3.44,-3.08,1.00,6.73,-3.11,1.00,6.55,-3.11,1.00,6.76,-3.12,1.00,6.56
7,9,191,22.81,1.00,17.34,1.00,7.28,1.00,11.45,1.00,1.70,-9999.00,63.18,1.00,63.91,1.00,4.34,3.98,-2.84,1.00,7.18,-3.00,1.00,6.98,-2.90,1.00,7.24,-3.03,1.00,7.01
7,10,192,19.18,1.00,19.65,1.00,8.17,1.00,12.19,1.00,2.00,-9999.00,44.41,1.00,57.95,1.00,4.78,4.20,-2.00,1.00,6.79,-2.14,1.00,6.34,-2.31,1.00,7.09,-2.47,1.00,6.67
7,11,193,22.47,1.00,19.67,1.00,6.24,1.00,12.92,1.00,0.10,-9999.00,55.47,1.00,64.25,0.96,4.64,3.95,-2.02,0.94,6.66,-2.04,0.94,5.99,-2.36,1.00,7.00,-2.36,1.00,6.31
7,12,194,10.58,1.00,18.56,1.00,2.93,1.00,13.23,1.00,3.50,-9999.00,1.57,1.00,40.24,1.00,4.07,3.43,-0.82,1.00,4.89,-0.70,1.00,4.13,-0.65,1.00,4.72,-0.49,1.00,3.92
7,13,195,11.33,1.00,18.83,1.00,4.43,1.00,13.55,1.00,7.90,-9999.00,1.64,1.00,54.35,1.00,3.82,3.52,-0.96,1.00,4.79,-0.94,1.00,4.46,-0.90,1.00,4.72,-0.74,1.00,4.26
7,14,196,20.73,1.00,19.89,1.00,9.84,1.00,13.49,1.00,0.20,-9999.00,52.21,1.00,59.24,1.00,4.35,4.00,-2.00,1.00,6.36,-1.94,1.00,5.95,-1.92,1.00,6.28,-1.77,1.00,5.78
7,15,197,17.85,1.00,19.03,1.00,7.07,1.00,13.52,1.00,0.60,-9999.00,52.47,1.00,53.23,1.00,4.56,4.19,-1.69,1.00,6.24,-1.62,1.00,5.81,-1.80,1.00,6.35,-1.66,1.00,5.85
7,16,198,16.32,1.00,18.59,1.00,5.59,1.00,13.66,1.00,0.00,-9999.00,57.73,1.00,51.86,1.00,4.46,4.09,-1.30,1.00,5.75,-1.29,1.00,5.38,-1.34,1.00,5.79,-1.30,1.00,5.39
7,17,199,14.42,1.00,18.17,1.00,4.73,1.00,13.75,1.00,4.20,-9999.00,5.16,1.00,70.57,1.00,4.39,4.00,-1.39,1.00,5.79,-1.46,1.00,5.46,-1.35,1.00,5.75,-1.45,1.00,5.45
7,18,200,14.31,1.00,15.10,1.00,2.01,1.00,13.39,1.00,1.40,-9999.00,38.84,1.00,34.22,1.00,3.54,3.30,-1.33,1.00,4.87,-1.27,1.00,4.57,-1.41,1.00,4.95,-1.35,1.00,4.66
7,19,201,10.38,1.00,15.91,1.00,1.96,1.00,13.45,1.00,4.60,-9999.00,4.86,1.00,28.77,1.00,3.81,3.47,-1.23,1.00,5.04,-1.20,1.00,4.66,-1.27,1.00,5.08,-1.19,1.00,4.66
7,20,202,13.48,1.00,17.19,1.00,5.21,1.00,13.35,1.00,0.90,-9999.00,-17.40,1.00,67.34,1.00,4.35,3.98,-2.42,1.00,6.77,-2.36,1.00,6.33,-2.42,1.00,6.77,-2.24,1.00,6.22
7,21,203,26.40,1.00,17.89,1.00,11.22,1.00,12.98,1.00,0.00,-9999.00,53.44,1.00,86.52,1.00,4.76,4.31,-4.19,1.00,8.95,-4.01,1.00,8.32,-4.16,1.00,8.93,-4.00,1.00,8.31
7,22,204,22.85,1.00,21.43,1.00,15.84,1.00,13.14,1.00,0.00,-9999.00,52.91,1.00,71.28,1.00,5.65,5.20,-2.71,1.00,8.36,-2.82,1.00,8.02,-2.81,1.00,8.46,-2.87,1.00,8.07
7,23,205,19.46,1.00,18.53,1.00,8.29,1.00,13.64,1.00,0.00,-9999.00,70.80,1.00,55.23,1.00,4.55,4.19,-2.17,1.00,6.72,-2.33,1.00,6.52,-2.16,1.00,6.71,-2.32,1.00,6.51
7,24,206,25.78,1.00,15.21,1.00,8.45,1.00,12.83,1.00,2.40,-9999.00,88.19,1.00,62.48,1.00,3.75,3.48,-2.94,1.00,6.68,-2.66,0.98,6.13,-2.92,1.00,6.66,-2.66,1.00,6.14
7,25,207,26.50,1.00,14.08,1.00,7.95,1.00,12.12,1.00,0.10,-9999.00,101.87,1.00,56.62,1.00,3.44,3.24,-3.18,0.98,6.62,-2.72,0.96,5.96,-3.26,1.00,6.70,-2.97,1.00,6.21
7,26,208,24.81,1.00,15.93,1.00,9.85,1.00,11.83,1.00,0.00,-9999.00,84.56,1.00,51.02,1.00,4.09,4.03,-2.78,1.00,6.87,-3.06,0.98,7.09,-2.92,1.00,7.01,-3.24,1.00,7.26
7,27,209,17.00,1.00,18.15,1.00,11.69,1.00,12.09,1.00,0.00,-9999.00,37.65,1.00,44.71,1.00,4.42,5.35,-2.22,1.00,6.64,-1.98,1.00,7.33,-2.34,1.00,6.76,-2.03,1.00,7.37
7,28,210,20.66,1.00,18.17,1.00,10.17,1.00,12.54,1.00,0.00,-9999.00,58.26,1.00,48.58,1.00,3.37,5.05,-2.95,0.98,6.33,-2.88,0.98,7.92,-3.34,1.00,6.71,-3.24,1.00,8.29
7,29,211,23.13,1.00,18.84,1.00,10.49,1.00,12.66,1.00,0.00,-9999.00,66.72,1.00,49.38,1.00,4.08,4.77,-3.01,1.00,7.09,-3.10,1.00,7.87,-3.32,1.00,7.40,-3.39,1.00,8.16
7,30,212,25.37,1.00,20.05,1.00,13.89,1.00,12.79,1.00,0.00,-9999.00,88.98,1.00,47.38,1.00,4.65,4.59,-2.49,0.79,7.14,-2.53,0.77,7.12,-2.75,1.00,7.41,-2.62,1.00,7.20
7,31,213,17.87,1.00,19.75,1.00,12.33,1.00,12.79,1.00,0.20,-9999.00,41.05,1.00,39.80,1.00,4.96,4.00,-2.24,0.85,7.20,-2.30,0.75,6.30,-2.45,1.00,7.40,-2.35,1.00,6.34
8,1,214,17.17,1.00,17.53,1.00,7.69,1.00,12.76,1.00,1.90,-9999.00,49.74,1.00,51.99,1.00,4.24,3.19,-1.80,1.00,6.04,-1.90,1.00,5.09,-1.79,1.00,6.04,-1.89,1.00,5.08
8,2,215,19.49,1.00,16.38,1.00,6.40,1.00,12.79,1.00,0.10,-9999.00,55.00,1.00,51.01,1.00,4.15,3.57,-3.25,0.94,7.40,-3.45,0.94,7.03,-3.43,1.00,7.58,-3.57,1.00,7.14
8,3,216,19.45,1.00,17.35,1.00,7.08,1.00,12.82,1.00,0.00,-9999.00,57.35,1.00,44.06,1.00,4.51,3.89,-2.43,0.96,6.94,-2.47,0.96,6.36,-2.67,1.00,7.18,-2.65,1.00,6.54
8,4,217,23.89,1.00,15.39,1.00,4.96,1.00,12.69,1.00,0.00,-9999.00,95.90,1.00,48.76,1.00,4.06,3.51,-4.14,1.00,8.20,-4.05,1.00,7.56,-4.15,1.00,8.21,-4.02,1.00,7.53
8,5,218,18.25,1.00,15.62,1.00,6.90,1.00,12.36,1.00,0.10,-9999.00,58.06,1.00,56.01,1.00,4.02,3.55,-2.47,1.00,6.49,-2.62,1.00,6.17,-2.71,1.00,6.73,-2.87,1.00,6.42
8,6,219,17.65,1.00,9.81,1.00,4.96,1.00,11.46,1.00,0.00,-9999.00,75.40,1.00,50.97,1.00,2.52,2.31,-2.12,1.00,4.65,-1.91,1.00,4.22,-2.14,1.00,4.67,-1.97,1.00,4.27
8,7,220,17.09,1.00,7.07,1.00,3.73,1.00,10.13,1.00,0.40,-9999.00,67.30,1.00,38.27,1.00,2.01,1.83,-2.24,1.00,4.25,-2.23,1.00,4.06,-2.29,1.00,4.30,-2.33,1.00,4.16
8,8,221,9.70,1.00,5.19,1.00,1.29,1.00,9.21,1.00,4.90,-9999.00,6.62,1.00,21.67,1.00,1.80,1.63,-2.07,1.00,3.87,-1.95,1.00,3.58,-2.07,1.00,3.86,-1.95,1.00,3.58
8,9,222,9.05,1.00,9.73,1.00,1.72,1.00,9.68,1.00,3.80,-9999.00,-22.67,1.00,38.48,1.00,2.69,2.52,-1.82,1.00,4.51,-1.79,1.00,4.31,-1.85,1.00,4.55,-1.86,1.00,4.38
8,10,223,14.95,1.00,16.56,1.00,7.08,1.00,10.69,1.00,0.70,-9999.00,-5.58,1.00,61.91,1.00,4.15,3.89,-1.51,1.00,5.66,-1.46,1.00,5.35,-1.45,1.00,5.59,-1.39,1.00,5.28
8,11,224,18.76,1.00,11.57,1.00,4.18,1.00,10.94,1.00,0.20,-9999.00,40.78,1.00,80.51,1.00,2.95,2.74,-2.45,1.00,5.41,-2.36,1.00,5.10,-2.43,1.00,5.38,-2.42,1.00,5.15
8,12,225,17.52,1.00,10.39,1.00,5.79,1.00,10.16,1.00,0.10,-9999.00,47.41,1.00,65.77,1.00,2.80,2.55,-2.47,1.00,5.27,-2.54,1.00,5.09,-2.47,1.00,5.27,-2.57,1.00,5.12
8,13,226,4.94,1.00,12.18,1.00,2.96,1.00,10.23,1.00,0.00,-9999.00,-29.47,1.00,14.44,0.81,3.19,2.89,0.48,1.00,2.71,0.50,1.00,2.39,0.36,1.00,2.83,0.32,1.00,2.57
8,14,227,8.47,1.00,10.81,1.00,3.73,1.00,10.41,1.00,0.10,-9999.00,23.38,1.00,45.93,1.00,3.00,2.68,-1.57,1.00,4.57,-1.31,1.00,4.00,-1.50,1.00,4.50,-1.26,1.00,3.94
8,15,228,18.67,1.00,15.07,1.00,6.80,1.00,10.66,1.00,0.00,-9999.00,35.81,1.00,59.64,0.77,4.18,3.79,-2.08,1.00,6.26,-2.06,1.00,5.85,-2.15,1.00,6.32,-2.05,1.00,5.83
8,16,229,10.33,1.00,13.06,1.00,4.15,1.00,10.95,1.00,0.00,-9999.00,10.75,1.00,42.63,0.88,3.49,3.18,-1.05,0.98,4.54,-1.01,0.98,4.19,-0.88,1.00,4.37,-0.99,1.00,4.17
8,17,230,19.92,1.00,20.02,1.00,10.54,1.00,11.79,1.00,0.00,-9999.00,43.85,1.00,58.97,0.50,5.24,4.67,-1.77,0.73,7.01,-1.76,0.73,6.43,-1.76,1.00,6.99,-1.94,1.00,6.61
8,18,231,19.72,1.00,18.39,1.00,9.80,1.00,12.26,1.00,0.00,-9999.00,59.18,1.00,61.04,0.38,4.99,4.34,-2.51,0.75,7.50,-2.57,0.75,6.91,-1.72,1.00,6.71,-1.82,1.00,6.16
8,19,232,15.99,1.00,14.38,1.00,6.91,1.00,11.72,1.00,0.00,-9999.00,37.76,1.00,36.71,0.88,4.09,3.48,-1.87,0.98,5.96,-1.92,0.94,5.41,-1.86,1.00,5.95,-1.85,1.00,5.33
8,20,233,13.11,1.00,12.56,1.00,5.15,1.00,11.27,1.00,0.00,-9999.00,32.34,1.00,32.55,0.56,3.64,3.23,-1.12,0.98,4.76,-1.17,0.98,4.40,-0.88,1.00,4.51,-0.87,1.00,4.11
8,21,234,8.57,1.00,13.93,1.00,1.96,1.00,11.55,1.00,0.00,-9999.00,-18.38,1.00,25.71,0.13,3.93,3.68,0.06,0.79,3.88,-0.22,0.69,3.90,-0.34,1.00,4.27,-0.36,1.00,4.04
8,22,235,9.22,1.00,11.41,1.00,1.85,1.00,11.62,1.00,0.00,-9999.00,11.83,1.00,32.78,0.13,3.29,3.22,-1.15,0.58,4.44,-1.15,0.58,4.37,-0.92,1.00,4.21,-0.80,1.00,4.02
8,23,236,4.17,1.00,9.33,1.00,1.96,1.00,10.73,1.00,0.00,-9999.00,-13.39,1.00,22.35,0.06,2.80,2.86,0.53,0.48,2.27,0.62,0.48,2.25,0.47,1.00,2.33,0.39,1.00,2.48
8,24,237,12.85,0.71,10.38,0.71,4.13,0.71,10.41,0.71,-9999.00,-9999.00,36.38,0.69,22.41,0.42,3.03,3.26,-1.10,0.46,4.13,-1.10,0.40,4.35,-1.09,0.65,4.12,-1.07,0.65,4.32
8,25,238,18.09,1.00,10.84,1.00,4.75,1.00,10.00,1.00,0.00,-9999.00,54.05,1.00,37.82,0.46,3.14,3.54,-1.21,0.73,4.35,-1.35,0.65,4.89,-1.44,1.00,4.58,-1.36,1.00,4.90
8,26,239,13.21,1.00,12.83,1.00,5.16,1.00,10.08,1.00,0.00,-9999.00,24.37,1.00,16.42,0.58,3.58,4.20,-0.63,0.56,4.21,-0.65,0.52,4.85,-0.90,1.00,4.48,-0.85,1.00,5.05
8,27,240,14.02,1.00,17.28,1.00,6.54,1.00,11.17,1.00,0.00,-9999.00,28.23,1.00,18.43,0.88,4.66,5.52,-0.45,0.48,5.11,-0.89,0.44,6.41,-0.89,1.00,5.55,-0.89,1.00,6.41
8,28,241,16.75,1.00,18.58,1.00,10.17,1.00,11.73,1.00,0.00,-9999.00,39.21,1.00,34.98,0.77,5.02,5.94,-0.13,0.31,5.15,-0.57,0.29,6.51,-0.35,1.00,5.37,-0.34,1.00,6.28
8,29,242,7.57,1.00,12.59,1.00,2.88,1.00,11.53,1.00,0.00,-9999.00,15.18,1.00,3.64,0.58,3.59,4.07,-0.27,0.52,3.86,-0.28,0.46,4.35,-0.13,1.00,3.72,-0.02,1.00,4.10
8,30,243,15.71,1.00,10.78,1.00,4.11,1.00,10.61,1.00,0.00,-9999.00,41.36,1.00,26.70,0.85,3.86,3.63,-1.04,1.00,4.89,-1.28,0.96,4.91,-1.18,1.00,5.04,-1.08,1.00,4.71
8,31,244,18.23,1.00,12.14,1.00,5.54,1.00,10.35,1.00,0.00,-9999.00,30.25,1.00,35.89,0.77,4.32,4.00,-1.05,0.98,5.37,-1.09,1.00,5.09,-0.87,1.00,5.19,-0.80,1.00,4.81
9,1,245,12.38,1.00,10.32,1.00,3.88,1.00,10.00,1.00,0.00,-9999.00,35.10,1.00,28.42,0.77,3.56,3.47,-0.82,0.83,4.38,-0.78,0.85,4.24,-0.84,1.00,4.40,-0.69,1.00,4.15
9,2,246,6.07,1.00,10.33,1.00,3.27,1.00,10.02,1.00,0.00,-9999.00,24.94,1.00,18.33,0.71,2.37,3.46,-0.52,0.85,2.90,-0.37,0.92,3.84,0.01,1.00,2.36,0.10,1.00,3.36
9,3,247,6.74,1.00,10.65,1.00,2.57,1.00,9.99,1.00,0.00,-9999.00,22.09,0.98,12.61,0.73,1.90,3.56,0.09,0.73,1.81,0.04,0.79,3.52,0.02,1.00,1.88,0.12,1.00,3.44
9,4,248,4.62,0.96,10.24,0.96,0.81,0.96,10.02,0.96,0.00,-9999.00,14.30,0.92,14.83,0.73,1.79,3.45,0.09,0.83,1.70,0.33,0.85,3.12,0.33,0.90,1.46,0.43,0.90,3.02
9,5,249,4.17,0.73,11.13,0.73,0.73,0.73,10.29,0.73,-9999.00,-9999.00,-0.86,0.69,12.04,0.60,1.90,3.66,0.04,0.69,1.86,0.25,0.69,3.41,0.40,0.65,1.50,0.46,0.65,3.21
9,6,250,6.13,0.77,13.88,0.77,1.32,0.77,10.65,0.77,-9999.00,-9999.00,-6.42,0.88,27.17,0.77,2.30,4.46,-0.53,0.88,2.83,-0.05,0.88,4.51,-0.14,0.92,2.44,0.19,0.92,4.27
9,7,251,6.19,0.00,13.87,0.00,1.32,0.00,10.65,0.00,-9999.00,-9999.00,9.97,1.00,40.49,1.00,2.30,4.46,-0.73,0.92,3.03,-0.57,0.79,5.03,-0.50,0.77,2.80,-0.71,0.67,5.17
9,8,252,6.19,0.00,13.87,0.00,1.32,0.00,10.65,0.00,-9999.00,-9999.00,-17.51,1.00,13.15,1.00,2.30,4.46,0.47,1.00,1.83,0.60,0.98,3.86,0.47,0.98,1.83,0.46,0.85,3.99
9,9,253,6.23,0.00,13.75,0.00,1.45,0.00,10.61,0.00,-9999.00,-9999.00,-12.37,1.00,23.53,1.00,2.28,4.42,-0.44,1.00,2.73,-0.56,0.90,4.99,-0.44,0.98,2.73,-0.51,0.83,4.94
9,10,254,5.19,0.00,11.55,0.00,1.14,0.00,10.26,0.00,-9999.00,-9999.00,-8.35,1.00,33.63,1.00,1.96,3.78,-0.49,1.00,2.45,-0.60,0.96,4.38,-0.60,0.96,2.56,-0.60,0.88,4.38
9,11,255,5.06,0.00,12.20,0.00,0.96,0.00,10.41,0.00,-9999.00,-9999.00,-1.79,0.73,12.13,0.73,2.05,3.96,-0.25,0.46,2.30,-0.02,0.27,3.98,0.35,0.40,1.70,-0.02,0.25,3.98
9,12,256,5.51,0.00,13.14,0.00,1.16,0.00,10.55,0.00,-9999.00,-9999.00,2.72,1.00,14.94,0.96,2.19,4.23,0.02,0.77,2.16,0.12,0.73,4.11,-0.29,0.67,2.48,0.29,0.63,3.94
9,13,257,6.21,0.00,13.40,0.00,1.38,0.00,10.56,0.00,-9999.00,-9999.00,-48.34,1.00,15.50,0.44,2.23,4.33,-0.41,0.38,2.64,-0.14,0.38,4.46,-0.26,0.33,2.50,-0.03,0.33,4.36
9,14,258,4.96,0.00,11.76,0.00,0.93,0.00,10.32,0.00,-9999.00,-9999.00,8.77,1.00,31.60,1.00,1.99,3.84,-0.31,1.00,2.30,-0.05,1.00,3.89,-0.31,0.98,2.30,-0.17,0.94,4.01
9,15,259,5.11,0.00,12.65,0.00,1.00,0.00,10.50,0.00,-9999.00,-9999.00,-0.27,0.19,26.00,0.19,2.11,4.08,0.70,0.15,1.41,0.50,0.15,3.59,0.72,0.13,1.39,0.50,0.13,3.58
9,16,260,6.23,0.00,13.75,0.00,1.45,0.00,10.61,0.00,-9999.00,-9999.00,-16.88,0.56,25.08,0.56,2.28,4.42,1.46,0.52,0.82,1.25,0.52,3.18,1.46,0.48,0.82,1.35,0.46,3.07
9,17,261,5.19,0.00,11.55,0.00,1.14,0.00,10.26,0.00,-9999.00,-9999.00,12.51,1.00,28.86,1.00,1.96,3.78,0.76,0.73,1.20,0.62,0.73,3.17,0.65,0.58,1.31,0.64,0.58,3.15
9,18,262,5.06,0.00,12.20,0.00,0.96,0.00,10.41,0.00,-9999.00,-9999.00,-32.26,1.00,-0.96,0.73,2.05,3.96,0.99,0.35,1.06,0.97,0.35,2.99,1.27,0.27,0.78,1.23,0.27,2.73
9,19,263,5.51,0.00,13.14,0.00,1.16,0.00,10.55,0.00,-9999.00,-9999.00,-25.08,0.92,10.10,0.60,2.19,4.23,0.21,0.40,1.97,0.20,0.38,4.03,-0.02,0.25,2.21,0.08,0.21,4.15
9,20,264,6.21,0.00,13.40,0.00,1.38,0.00,10.56,0.00,-9999.00,-9999.00,-5.06,1.00,-3.25,0.79,2.23,4.33,0.03,0.35,2.20,0.03,0.31,4.29,0.25,0.29,1.98,0.36,0.25,3.96
9,21,265,4.96,0.00,11.76,0.00,0.93,0.00,10.32,0.00,-9999.00,-9999.00,-3.08,0.46,-3.46,0.00,1.99,3.84,0.16,0.00,1.82,0.12,0.00,3.72,0.16,0.00,1.82,0.12,0.00,3.72
9,22,266,5.11,0.00,12.65,0.00,1.00,0.00,10.50,0.00,-9999.00,-9999.00,-3.25,0.00,-3.46,0.00,2.11,4.08,0.16,0.00,1.95,0.11,0.00,3.97,0.16,0.00,1.95,0.11,0.00,3.97
9,23,267,6.23,0.00,13.75,0.00,1.45,0.00,10.61,0.00,-9999.00,-9999.00,-3.25,0.00,-1.35,0.00,2.28,4.42,0.55,0.00,1.74,0.42,0.00,4.01,0.55,0.00,1.74,0.42,0.00,4.01
9,24,268,5.19,0.00,11.55,0.00,1.14,0.00,10.26,0.00,-9999.00,-9999.00,-10.84,0.00,4.73,0.00,1.96,3.78,0.52,0.00,1.44,0.47,0.00,3.32,0.52,0.00,1.44,0.47,0.00,3.32
9,25,269,5.06,0.00,12.20,0.00,0.96,0.00,10.41,0.00,-9999.00,-9999.00,-16.27,0.00,2.74,0.00,2.05,3.96,0.34,0.00,1.71,0.32,0.00,3.64,0.34,0.00,1.71,0.32,0.00,3.64
9,26,270,5.51,0.00,13.14,0.00,1.16,0.00,10.55,0.00,-9999.00,-9999.00,-9.39,0.00,0.33,0.00,2.19,4.23,0.49,0.00,1.70,0.37,0.00,3.86,0.49,0.00,1.70,0.37,0.00,3.86
9,27,271,6.21,0.00,13.40,0.00,1.38,0.00,10.56,0.00,-9999.00,-9999.00,-5.78,0.00,0.37,0.00,2.23,4.33,0.38,0.00,1.86,0.28,0.00,4.05,0.38,0.00,1.86,0.28,0.00,4.05
9,28,272,4.96,0.00,11.76,0.00,0.93,0.00,10.32,0.00,-9999.00,-9999.00,-13.57,0.00,1.30,0.00,1.99,3.84,0.41,0.00,1.57,0.41,0.00,3.43,0.41,0.00,1.57,0.41,0.00,3.43
9,29,273,5.11,0.00,12.65,0.00,1.00,0.00,10.50,0.00,-9999.00,-9999.00,-13.17,0.00,3.68,0.00,2.11,4.08,0.16,0.00,1.95,0.11,0.00,3.97,0.16,0.00,1.95,0.11,0.00,3.97
9,30,274,6.23,0.00,13.75,0.00,1.45,0.00,10.61,0.00,-9999.00,-9999.00,-4.48,0.00,-1.35,0.00,2.28,4.42,0.55,0.00,1.74,0.42,0.00,4.01,0.55,0.00,1.74,0.42,0.00,4.01
10,1,275,5.19,0.00,11.55,0.00,1.14,0.00,10.26,0.00,-9999.00,-9999.00,-10.84,0.00,4.73,0.00,1.96,3.78,0.52,0.00,1.44,0.47,0.00,3.32,0.52,0.00,1.44,0.47,0.00,3.32
10,2,276,5.06,0.00,12.20,0.00,0.96,0.00,10.41,0.00,-9999.00,-9999.00,-16.27,0.00,2.74,0.00,2.05,3.96,0.34,0.00,1.71,0.32,0.00,3.64,0.34,0.00,1.71,0.32,0.00,3.64
10,3,277,5.51,0.00,13.14,0.00,1.16,0.00,10.55,0.00,-9999.00,-9999.00,-9.39,0.00,0.33,0.00,2.19,4.23,0.49,0.00,1.70,0.37,0.00,3.86,0.49,0.00,1.70,0.37,0.00,3.86
10,4,278,6.21,0.00,13.40,0.00,1.38,0.00,10.56,0.00,-9999.00,-9999.00,-5.78,0.00,0.37,0.00,2.23,4.33,0.38,0.00,1.86,0.28,0.00,4.05,0.38,0.00,1.86,0.28,0.00,4.05
10,5,279,4.96,0.00,11.76,0.00,0.93,0.00,10.32,0.00,-9999.00,-9999.00,-13.57,0.00,1.30,0.00,-9999.00,-9999.00,-9999.00,-9999.00,-9999.00,-9999.00,-9999.00,-9999.00,-9999.00,-9999.00,-9999.00,-9999.00,-9999.00,-9999.00
10,6,280,5.11,0.00,12.65,0.00,1.00,0.00,10.50,0.00,-9999.00,-9999.00,-13.17,0.00,3.68,0.00,-9999.00,-9999.00,-9999.00,-9999.00,-9999.00,-9999.00,-9999.00,-9999.00,-9999.00,-9999.00,-9999.00,-9999.00,-9999.00,-9999.00
10,7,281,6.23,0.00,13.75,0.00,1.45,0.00,10.61,0.00,-9999.00,-9999.00,-4.48,0.00,-1.35,0.00,-9999.00,-9999.00,-9999.00,-9999.00,-9999.00,-9999.00,-9999.00,-9999.00,-9999.00,-9999.00,-9999.00,-9999.00,-9999.00,-9999.00
10,8,282,5.19,0.00,11.55,0.00,1.14,0.00,10.26,0.00,-9999.00,-9999.00,-10.84,0.00,4.73,0.00,-9999.00,-9999.00,-9999.00,-9999.00,-9999.00,-9999.00,-9999.00,-9999.00,-9999.00,-9999.00,-9999.00,-9999.00,-9999.00,-9999.00
10,9,283,5.06,0.00,12.20,0.00,0.96,0.00,10.41,0.00,-9999.00,-9999.00,-16.27,0.00,2.74,0.00,-9999.00,-9999.00,-9999.00,-9999.00,-9999.00,-9999.00,-9999.00,-9999.00,-9999.00,-9999.00,-9999.00,-9999.00,-9999.00,-9999.00
10,10,284,5.51,0.00,13.14,0.00,1.16,0.00,10.55,0.00,-9999.00,-9999.00,-9.39,0.00,0.33,0.00,-9999.00,-9999.00,-9999.00,-9999.00,-9999.00,-9999.00,-9999.00,-9999.00,-9999.00,-9999.00,-9999.00,-9999.00,-9999.00,-9999.00
10,11,285,6.21,0.00,13.40,0.00,1.38,0.00,10.56,0.00,-9999.00,-9999.00,-5.78,0.00,0.37,0.00,-9999.00,-9999.00,-9999.00,-9999.00,-9999.00,-9999.00,-9999.00,-9999.00,-9999.00,-9999.00,-9999.00,-9999.00,-9999.00,-9999.00
10,12,286,4.96,0.00,11.76,0.00,0.93,0.00,10.32,0.00,-9999.00,-9999.00,-13.57,0.00,1.30,0.00,-9999.00,-9999.00,-9999.00,-9999.00,-9999.00,-9999.00,-9999.00,-9999.00,-9999.00,-9999.00,-9999.00,-9999.00,-9999.00,-9999.00
10,13,287,5.11,0.00,12.65,0.00,1.00,0.00,10.50,0.00,-9999.00,-9999.00,-13.17,0.00,3.68,0.00,-9999.00,-9999.00,-9999.00,-9999.00,-9999.00,-9999.00,-9999.00,-9999.00,-9999.00,-9999.00,-9999.00,-9999.00,-9999.00,-9999.00
10,14,288,6.23,0.00,13.75,0.00,1.45,0.00,10.61,0.00,-9999.00,-9999.00,-4.48,0.00,-1.35,0.00,-9999.00,-9999.00,-9999.00,-9999.00,-9999.00,-9999.00,-9999.00,-9999.00,-9999.00,-9999.00,-9999.00,-9999.00,-9999.00,-9999.00
10,15,289,5.19,0.00,11.55,0.00,1.14,0.00,10.26,0.00,-9999.00,-9999.00,-10.84,0.00,4.73,0.00,-9999.00,-9999.00,-9999.00,-9999.00,-9999.00,-9999.00,-9999.00,-9999.00,-9999.00,-9999.00,-9999.00,-9999.00,-9999.00,-9999.00
10,16,290,5.06,0.00,12.20,0.00,0.96,0.00,10.41,0.00,-9999.00,-9999.00,-16.27,0.00,2.74,0.00,-9999.00,-9999.00,-9999.00,-9999.00,-9999.00,-9999.00,-9999.00,-9999.00,-9999.00,-9999.00,-9999.00,-9999.00,-9999.00,-9999.00
10,17,291,5.51,0.00,13.14,0.00,1.16,0.00,10.55,0.00,-9999.00,-9999.00,-9.39,0.00,0.33,0.00,-9999.00,-9999.00,-9999.00,-9999.00,-9999.00,-9999.00,-9999.00,-9999.00,-9999.00,-9999.00,-9999.00,-9999.00,-9999.00,-9999.00
10,18,292,6.21,0.00,13.40,0.00,1.38,0.00,10.56,0.00,-9999.00,-9999.00,-5.78,0.00,0.37,0.00,-9999.00,-9999.00,-9999.00,-9999.00,-9999.00,-9999.00,-9999.00,-9999.00,-9999.00,-9999.00,-9999.00,-9999.00,-9999.00,-9999.00
10,19,293,4.96,0.00,11.76,0.00,0.93,0.00,10.32,0.00,-9999.00,-9999.00,-13.57,0.00,1.30,0.00,-9999.00,-9999.00,-9999.00,-9999.00,-9999.00,-9999.00,-9999.00,-9999.00,-9999.00,-9999.00,-9999.00,-9999.00,-9999.00,-9999.00
10,20,294,5.11,0.00,12.65,0.00,1.00,0.00,10.50,0.00,-9999.00,-9999.00,-13.17,0.00,3.68,0.00,-9999.00,-9999.00,-9999.00,-9999.00,-9999.00,-9999.00,-9999.00,-9999.00,-9999.00,-9999.00,-9999.00,-9999.00,-9999.00,-9999.00
10,21,295,6.23,0.00,13.75,0.00,1.45,0.00,10.61,0.00,-9999.00,-9999.00,-4.48,0.00,-1.35,0.00,-9999.00,-9999.00,-9999.00,-9999.00,-9999.00,-9999.00,-9999.00,-9999.00,-9999.00,-9999.00,-9999.00,-9999.00,-9999.00,-9999.00
10,22,296,5.19,0.00,11.55,0.00,1.14,0.00,10.26,0.00,-9999.00,-9999.00,-10.84,0.00,4.73,0.00,-9999.00,-9999.00,-9999.00,-9999.00,-9999.00,-9999.00,-9999.00,-9999.00,-9999.00,-9999.00,-9999.00,-9999.00,-9999.00,-9999.00
10,23,297,5.06,0.00,12.20,0.00,0.96,0.00,10.41,0.00,-9999.00,-9999.00,-16.27,0.00,2.74,0.00,-9999.00,-9999.00,-9999.00,-9999.00,-9999.00,-9999.00,-9999.00,-9999.00,-9999.00,-9999.00,-9999.00,-9999.00,-9999.00,-9999.00
10,24,298,5.51,0.00,13.14,0.00,1.16,0.00,10.55,0.00,-9999.00,-9999.00,-9.39,0.00,0.33,0.00,-9999.00,-9999.00,-9999.00,-9999.00,-9999.00,-9999.00,-9999.00,-9999.00,-9999.00,-9999.00,-9999.00,-9999.00,-9999.00,-9999.00
10,25,299,6.21,0.00,13.40,0.00,1.38,0.00,10.56,0.00,-9999.00,-9999.00,-5.78,0.00,0.37,0.00,-9999.00,-9999.00,-9999.00,-9999.00,-9999.00,-9999.00,-9999.00,-9999.00,-9999.00,-9999.00,-9999.00,-9999.00,-9999.00,-9999.00
10,26,300,4.96,0.00,11.76,0.00,0.93,0.00,10.32,0.00,-9999.00,-9999.00,-13.57,0.00,1.30,0.00,-9999.00,-9999.00,-9999.00,-9999.00,-9999.00,-9999.00,-9999.00,-9999.00,-9999.00,-9999.00,-9999.00,-9999.00,-9999.00,-9999.00
10,27,301,5.11,0.00,12.65,0.00,1.00,0.00,10.50,0.00,-9999.00,-9999.00,-13.17,0.00,3.68,0.00,-9999.00,-9999.00,-9999.00,-9999.00,-9999.00,-9999.00,-9999.00,-9999.00,-9999.00,-9999.00,-9999.00,-9999.00,-9999.00,-9999.00
10,28,302,6.23,0.00,13.75,0.00,1.45,0.00,10.61,0.00,-9999.00,-9999.00,-4.48,0.00,-1.35,0.00,-9999.00,-9999.00,-9999.00,-9999.00,-9999.00,-9999.00,-9999.00,-9999.00,-9999.00,-9999.00,-9999.00,-9999.00,-9999.00,-9999.00
10,29,303,5.19,0.00,11.55,0.00,1.14,0.00,10.26,0.00,-9999.00,-9999.00,-10.84,0.00,4.73,0.00,-9999.00,-9999.00,-9999.00,-9999.00,-9999.00,-9999.00,-9999.00,-9999.00,-9999.00,-9999.00,-9999.00,-9999.00,-9999.00,-9999.00
10,30,304,5.06,0.00,12.20,0.00,0.96,0.00,10.41,0.00,-9999.00,-9999.00,-16.27,0.00,2.74,0.00,-9999.00,-9999.00,-9999.00,-9999.00,-9999.00,-9999.00,-9999.00,-9999.00,-9999.00,-9999.00,-9999.00,-9999.00,-9999.00,-9999.00
10,31,305,5.51,0.00,13.14,0.00,1.16,0.00,10.55,0.00,-9999.00,-9999.00,-9.39,0.00,0.33,0.00,-9999.00,-9999.00,-9999.00,-9999.00,-9999.00,-9999.00,-9999.00,-9999.00,-9999.00,-9999.00,-9999.00,-9999.00,-9999.00,-9999.00
11,1,306,6.21,0.00,13.40,0.00,1.38,0.00,10.56,0.00,-9999.00,-9999.00,-5.78,0.00,0.37,0.00,-9999.00,-9999.00,-9999.00,-9999.00,-9999.00,-9999.00,-9999.00,-9999.00,-9999.00,-9999.00,-9999.00,-9999.00,-9999.00,-9999.00
11,2,307,4.96,0.00,11.76,0.00,0.93,0.00,10.32,0.00,-9999.00,-9999.00,-13.57,0.00,1.30,0.00,-9999.00,-9999.00,-9999.00,-9999.00,-9999.00,-9999.00,-9999.00,-9999.00,-9999.00,-9999.00,-9999.00,-9999.00,-9999.00,-9999.00
11,3,308,5.11,0.00,12.65,0.00,1.00,0.00,10.50,0.00,-9999.00,-9999.00,-13.17,0.00,3.68,0.00,-9999.00,-9999.00,-9999.00,-9999.00,-9999.00,-9999.00,-9999.00,-9999.00,-9999.00,-9999.00,-9999.00,-9999.00,-9999.00,-9999.00
11,4,309,6.23,0.00,13.75,0.00,1.45,0.00,10.61,0.00,-9999.00,-9999.00,-4.48,0.00,-1.35,0.00,-9999.00,-9999.00,-9999.00,-9999.00,-9999.00,-9999.00,-9999.00,-9999.00,-9999.00,-9999.00,-9999.00,-9999.00,-9999.00,-9999.00
11,5,310,5.30,0.02,11.57,0.02,1.16,0.02,10.27,0.02,-9999.00,-9999.00,-10.84,0.00,4.73,0.00,-9999.00,-9999.00,-9999.00,-9999.00,-9999.00,-9999.00,-9999.00,-9999.00,-9999.00,-9999.00,-9999.00,-9999.00,-9999.00,-9999.00
11,6,311,-9999.00,-9999.00,-9999.00,-9999.00,-9999.00,-9999.00,-9999.00,-9999.00,-9999.00,-9999.00,-16.27,0.00,2.74,0.00,-9999.00,-9999.00,-9999.00,-9999.00,-9999.00,-9999.00,-9999.00,-9999.00,-9999.00,-9999.00,-9999.00,-9999.00,-9999.00,-9999.00
11,7,312,-9999.00,-9999.00,-9999.00,-9999.00,-9999.00,-9999.00,-9999.00,-9999.00,-9999.00,-9999.00,-9.39,0.00,0.33,0.00,-9999.00,-9999.00,-9999.00,-9999.00,-9999.00,-9999.00,-9999.00,-9999.00,-9999.00,-9999.00,-9999.00,-9999.00,-9999.00,-9999.00
11,8,313,-9999.00,-9999.00,-9999.00,-9999.00,-9999.00,-9999.00,-9999.00,-9999.00,-9999.00,-9999.00,-5.78,0.00,0.37,0.00,-9999.00,-9999.00,-9999.00,-9999.00,-9999.00,-9999.00,-9999.00,-9999.00,-9999.00,-9999.00,-9999.00,-9999.00,-9999.00,-9999.00
11,9,314,-9999.00,-9999.00,-9999.00,-9999.00,-9999.00,-9999.00,-9999.00,-9999.00,-9999.00,-9999.00,-13.57,0.00,1.30,0.00,-9999.00,-9999.00,-9999.00,-9999.00,-9999.00,-9999.00,-9999.00,-9999.00,-9999.00,-9999.00,-9999.00,-9999.00,-9999.00,-9999.00
11,10,315,-9999.00,-9999.00,-9999.00,-9999.00,-9999.00,-9999.00,-9999.00,-9999.00,-9999.00,-9999.00,-13.17,0.00,3.68,0.00,-9999.00,-9999.00,-9999.00,-9999.00,-9999.00,-9999.00,-9999.00,-9999.00,-9999.00,-9999.00,-9999.00,-9999.00,-9999.00,-9999.00
11,11,316,-9999.00,-9999.00,-9999.00,-9999.00,-9999.00,-9999.00,-9999.00,-9999.00,-9999.00,-9999.00,-4.48,0.00,-1.35,0.00,-9999.00,-9999.00,-9999.00,-9999.00,-9999.00,-9999.00,-9999.00,-9999.00,-9999.00,-9999.00,-9999.00,-9999.00,-9999.00,-9999.00
11,12,317,-9999.00,-9999.00,-9999.00,-9999.00,-9999.00,-9999.00,-9999.00,-9999.00,-9999.00,-9999.00,-10.84,0.00,4.73,0.00,-9999.00,-9999.00,-9999.00,-9999.00,-9999.00,-9999.00,-9999.00,-9999.00,-9999.00,-9999.00,-9999.00,-9999.00,-9999.00,-9999.00
11,13,318,-9999.00,-9999.00,-9999.00,-9999.00,-9999.00,-9999.00,-9999.00,-9999.00,-9999.00,-9999.00,-16.27,0.00,2.74,0.00,-9999.00,-9999.00,-9999.00,-9999.00,-9999.00,-9999.00,-9999.00,-9999.00,-9999.00,-9999.00,-9999.00,-9999.00,-9999.00,-9999.00
11,14,319,-9999.00,-9999.00,-9999.00,-9999.00,-9999.00,-9999.00,-9999.00,-9999.00,-9999.00,-9999.00,-9.39,0.00,0.33,0.00,-9999.00,-9999.00,-9999.00,-9999.00,-9999.00,-9999.00,-9999.00,-9999.00,-9999.00,-9999.00,-9999.00,-9999.00,-9999.00,-9999.00
11,15,320,-9999.00,-9999.00,-9999.00,-9999.00,-9999.00,-9999.00,-9999.00,-9999.00,-9999.00,-9999.00,-5.78,0.00,0.37,0.00,-9999.00,-9999.00,-9999.00,-9999.00,-9999.00,-9999.00,-9999.00,-9999.00,-9999.00,-9999.00,-9999.00,-9999.00,-9999.00,-9999.00
11,16,321,-9999.00,-9999.00,-9999.00,-9999.00,-9999.00,-9999.00,-9999.00,-9999.00,-9999.00,-9999.00,-13.57,0.00,1.30,0.00,-9999.00,-9999.00,-9999.00,-9999.00,-9999.00,-9999.00,-9999.00,-9999.00,-9999.00,-9999.00,-9999.00,-9999.00,-9999.00,-9999.00
11,17,322,-9999.00,-9999.00,-9999.00,-9999.00,-9999.00,-9999.00,-9999.00,-9999.00,-9999.00,-9999.00,-13.17,0.00,3.68,0.00,-9999.00,-9999.00,-9999.00,-9999.00,-9999.00,-9999.00,-9999.00,-9999.00,-9999.00,-9999.00,-9999.00,-9999.00,-9999.00,-9999.00
11,18,323,-9999.00,-9999.00,-9999.00,-9999.00,-9999.00,-9999.00,-9999.00,-9999.00,-9999.00,-9999.00,-4.48,0.00,-1.35,0.00,-9999.00,-9999.00,-9999.00,-9999.00,-9999.00,-9999.00,-9999.00,-9999.00,-9999.00,-9999.00,-9999.00,-9999.00,-9999.00,-9999.00
11,19,324,-9999.00,-9999.00,-9999.00,-9999.00,-9999.00,-9999.00,-9999.00,-9999.00,-9999.00,-9999.00,-10.84,0.00,4.93,0.02,-9999.00,-9999.00,-9999.00,-9999.00,-9999.00,-9999.00,-9999.00,-9999.00,-9999.00,-9999.00,-9999.00,-9999.00,-9999.00,-9999.00
11,20,325,-9999.00,-9999.00,-9999.00,-9999.00,-9999.00,-9999.00,-9999.00,-9999.00,-9999.00,-9999.00,-15.69,0.02,-9999.00,-9999.00,-9999.00,-9999.00,-9999.00,-9999.00,-9999.00,-9999.00,-9999.00,-9999.00,-9999.00,-9999.00,-9999.00,-9999.00,-9999.00,-9999.00
11,21,326,-9999.00,-9999.00,-9999.00,-9999.00,-9999.00,-9999.00,-9999.00,-9999.00,-9999.00,-9999.00,-9999.00,-9999.00,-9999.00,-9999.00,-9999.00,-9999.00,-9999.00,-9999.00,-9999.00,-9999.00,-9999.00,-9999.00,-9999.00,-9999.00,-9999.00,-9999.00,-9999.00,-9999.00
11,22,327,-9999.00,-9999.00,-9999.00,-9999.00,-9999.00,-9999.00,-9999.00,-9999.00,-9999.00,-9999.00,-9999.00,-9999.00,-9999.00,-9999.00,-9999.00,-9999.00,-9999.00,-9999.00,-9999.00,-9999.00,-9999.00,-9999.00,-9999.00,-9999.00,-9999.00,-9999.00,-9999.00,-9999.00
11,23,328,-9999.00,-9999.00,-9999.00,-9999.00,-9999.00,-9999.00,-9999.00,-9999.00,-9999.00,-9999.00,-9999.00,-9999.00,-9999.00,-9999.00,-9999.00,-9999.00,-9999.00,-9999.00,-9999.00,-9999.00,-9999.00,-9999.00,-9999.00,-9999.00,-9999.00,-9999.00,-9999.00,-9999.00
11,24,329,-9999.00,-9999.00,-9999.00,-9999.00,-9999.00,-9999.00,-9999.00,-9999.00,-9999.00,-9999.00,-9999.00,-9999.00,-9999.00,-9999.00,-9999.00,-9999.00,-9999.00,-9999.00,-9999.00,-9999.00,-9999.00,-9999.00,-9999.00,-9999.00,-9999.00,-9999.00,-9999.00,-9999.00
11,25,330,-9999.00,-9999.00,-9999.00,-9999.00,-9999.00,-9999.00,-9999.00,-9999.00,-9999.00,-9999.00,-9999.00,-9999.00,-9999.00,-9999.00,-9999.00,-9999.00,-9999.00,-9999.00,-9999.00,-9999.00,-9999.00,-9999.00,-9999.00,-9999.00,-9999.00,-9999.00,-9999.00,-9999.00
11,26,331,-9999.00,-9999.00,-9999.00,-9999.00,-9999.00,-9999.00,-9999.00,-9999.00,-9999.00,-9999.00,-9999.00,-9999.00,-9999.00,-9999.00,-9999.00,-9999.00,-9999.00,-9999.00,-9999.00,-9999.00,-9999.00,-9999.00,-9999.00,-9999.00,-9999.00,-9999.00,-9999.00,-9999.00
11,27,332,-9999.00,-9999.00,-9999.00,-9999.00,-9999.00,-9999.00,-9999.00,-9999.00,-9999.00,-9999.00,-9999.00,-9999.00,-9999.00,-9999.00,-9999.00,-9999.00,-9999.00,-9999.00,-9999.00,-9999.00,-9999.00,-9999.00,-9999.00,-9999.00,-9999.00,-9999.00,-9999.00,-9999.00
11,28,333,-9999.00,-9999.00,-9999.00,-9999.00,-9999.00,-9999.00,-9999.00,-9999.00,-9999.00,-9999.00,-9999.00,-9999.00,-9999.00,-9999.00,-9999.00,-9999.00,-9999.00,-9999.00,-9999.00,-9999.00,-9999.00,-9999.00,-9999.00,-9999.00,-9999.00,-9999.00,-9999.00,-9999.00
11,29,334,-9999.00,-9999.00,-9999.00,-9999.00,-9999.00,-9999.00,-9999.00,-9999.00,-9999.00,-9999.00,-9999.00,-9999.00,-9999.00,-9999.00,-9999.00,-9999.00,-9999.00,-9999.00,-9999.00,-9999.00,-9999.00,-9999.00,-9999.00,-9999.00,-9999.00,-9999.00,-9999.00,-9999.00
11,30,335,-9999.00,-9999.00,-9999.00,-9999.00,-9999.00,-9999.00,-9999.00,-9999.00,-9999.00,-9999.00,-9999.00,-9999.00,-9999.00,-9999.00,-9999.00,-9999.00,-9999.00,-9999.00,-9999.00,-9999.00,-9999.00,-9999.00,-9999.00,-9999.00,-9999.00,-9999.00,-9999.00,-9999.00
12,1,336,-9999.00,-9999.00,-9999.00,-9999.00,-9999.00,-9999.00,-9999.00,-9999.00,-9999.00,-9999.00,-9999.00,-9999.00,-9999.00,-9999.00,-9999.00,-9999.00,-9999.00,-9999.00,-9999.00,-9999.00,-9999.00,-9999.00,-9999.00,-9999.00,-9999.00,-9999.00,-9999.00,-9999.00
12,2,337,-9999.00,-9999.00,-9999.00,-9999.00,-9999.00,-9999.00,-9999.00,-9999.00,-9999.00,-9999.00,-9999.00,-9999.00,-9999.00,-9999.00,-9999.00,-9999.00,-9999.00,-9999.00,-9999.00,-9999.00,-9999.00,-9999.00,-9999.00,-9999.00,-9999.00,-9999.00,-9999.00,-9999.00
12,3,338,-9999.00,-9999.00,-9999.00,-9999.00,-9999.00,-9999.00,-9999.00,-9999.00,-9999.00,-9999.00,-9999.00,-9999.00,-9999.00,-9999.00,-9999.00,-9999.00,-9999.00,-9999.00,-9999.00,-9999.00,-9999.00,-9999.00,-9999.00,-9999.00,-9999.00,-9999.00,-9999.00,-9999.00
12,4,339,-9999.00,-9999.00,-9999.00,-9999.00,-9999.00,-9999.00,-9999.00,-9999.00,-9999.00,-9999.00,-9999.00,-9999.00,-9999.00,-9999.00,-9999.00,-9999.00,-9999.00,-9999.00,-9999.00,-9999.00,-9999.00,-9999.00,-9999.00,-9999.00,-9999.00,-9999.00,-9999.00,-9999.00
12,5,340,-9999.00,-9999.00,-9999.00,-9999.00,-9999.00,-9999.00,-9999.00,-9999.00,-9999.00,-9999.00,-9999.00,-9999.00,-9999.00,-9999.00,-9999.00,-9999.00,-9999.00,-9999.00,-9999.00,-9999.00,-9999.00,-9999.00,-9999.00,-9999.00,-9999.00,-9999.00,-9999.00,-9999.00
12,6,341,-9999.00,-9999.00,-9999.00,-9999.00,-9999.00,-9999.00,-9999.00,-9999.00,-9999.00,-9999.00,-9999.00,-9999.00,-9999.00,-9999.00,-9999.00,-9999.00,-9999.00,-9999.00,-9999.00,-9999.00,-9999.00,-9999.00,-9999.00,-9999.00,-9999.00,-9999.00,-9999.00,-9999.00
12,7,342,-9999.00,-9999.00,-9999.00,-9999.00,-9999.00,-9999.00,-9999.00,-9999.00,-9999.00,-9999.00,-9999.00,-9999.00,-9999.00,-9999.00,-9999.00,-9999.00,-9999.00,-9999.00,-9999.00,-9999.00,-9999.00,-9999.00,-9999.00,-9999.00,-9999.00,-9999.00,-9999.00,-9999.00
12,8,343,-9999.00,-9999.00,-9999.00,-9999.00,-9999.00,-9999.00,-9999.00,-9999.00,-9999.00,-9999.00,-9999.00,-9999.00,-9999.00,-9999.00,-9999.00,-9999.00,-9999.00,-9999.00,-9999.00,-9999.00,-9999.00,-9999.00,-9999.00,-9999.00,-9999.00,-9999.00,-9999.00,-9999.00
12,9,344,-9999.00,-9999.00,-9999.00,-9999.00,-9999.00,-9999.00,-9999.00,-9999.00,-9999.00,-9999.00,-9999.00,-9999.00,-9999.00,-9999.00,-9999.00,-9999.00,-9999.00,-9999.00,-9999.00,-9999.00,-9999.00,-9999.00,-9999.00,-9999.00,-9999.00,-9999.00,-9999.00,-9999.00
12,10,345,-9999.00,-9999.00,-9999.00,-9999.00,-9999.00,-9999.00,-9999.00,-9999.00,-9999.00,-9999.00,-9999.00,-9999.00,-9999.00,-9999.00,-9999.00,-9999.00,-9999.00,-9999.00,-9999.00,-9999.00,-9999.00,-9999.00,-9999.00,-9999.00,-9999.00,-9999.00,-9999.00,-9999.00
12,11,346,-9999.00,-9999.00,-9999.00,-9999.00,-9999.00,-9999.00,-9999.00,-9999.00,-9999.00,-9999.00,-9999.00,-9999.00,-9999.00,-9999.00,-9999.00,-9999.00,-9999.00,-9999.00,-9999.00,-9999.00,-9999.00,-9999.00,-9999.00,-9999.00,-9999.00,-9999.00,-9999.00,-9999.00
12,12,347,-9999.00,-9999.00,-9999.00,-9999.00,-9999.00,-9999.00,-9999.00,-9999.00,-9999.00,-9999.00,-9999.00,-9999.00,-9999.00,-9999.00,-9999.00,-9999.00,-9999.00,-9999.00,-9999.00,-9999.00,-9999.00,-9999.00,-9999.00,-9999.00,-9999.00,-9999.00,-9999.00,-9999.00
12,13,348,-9999.00,-9999.00,-9999.00,-9999.00,-9999.00,-9999.00,-9999.00,-9999.00,-9999.00,-9999.00,-9999.00,-9999.00,-9999.00,-9999.00,-9999.00,-9999.00,-9999.00,-9999.00,-9999.00,-9999.00,-9999.00,-9999.00,-9999.00,-9999.00,-9999.00,-9999.00,-9999.00,-9999.00
12,14,349,-9999.00,-9999.00,-9999.00,-9999.00,-9999.00,-9999.00,-9999.00,-9999.00,-9999.00,-9999.00,-9999.00,-9999.00,-9999.00,-9999.00,-9999.00,-9999.00,-9999.00,-9999.00,-9999.00,-9999.00,-9999.00,-9999.00,-9999.00,-9999.00,-9999.00,-9999.00,-9999.00,-9999.00
12,15,350,-9999.00,-9999.00,-9999.00,-9999.00,-9999.00,-9999.00,-9999.00,-9999.00,-9999.00,-9999.00,-9999.00,-9999.00,-9999.00,-9999.00,-9999.00,-9999.00,-9999.00,-9999.00,-9999.00,-9999.00,-9999.00,-9999.00,-9999.00,-9999.00,-9999.00,-9999.00,-9999.00,-9999.00
12,16,351,-9999.00,-9999.00,-9999.00,-9999.00,-9999.00,-9999.00,-9999.00,-9999.00,-9999.00,-9999.00,-9999.00,-9999.00,-9999.00,-9999.00,-9999.00,-9999.00,-9999.00,-9999.00,-9999.00,-9999.00,-9999.00,-9999.00,-9999.00,-9999.00,-9999.00,-9999.00,-9999.00,-9999.00
12,17,352,-9999.00,-9999.00,-9999.00,-9999.00,-9999.00,-9999.00,-9999.00,-9999.00,-9999.00,-9999.00,-9999.00,-9999.00,-9999.00,-9999.00,-9999.00,-9999.00,-9999.00,-9999.00,-9999.00,-9999.00,-9999.00,-9999.00,-9999.00,-9999.00,-9999.00,-9999.00,-9999.00,-9999.00
12,18,353,-9999.00,-9999.00,-9999.00,-9999.00,-9999.00,-9999.00,-9999.00,-9999.00,-9999.00,-9999.00,-9999.00,-9999.00,-9999.00,-9999.00,-9999.00,-9999.00,-9999.00,-9999.00,-9999.00,-9999.00,-9999.00,-9999.00,-9999.00,-9999.00,-9999.00,-9999.00,-9999.00,-9999.00
12,19,354,-9999.00,-9999.00,-9999.00,-9999.00,-9999.00,-9999.00,-9999.00,-9999.00,-9999.00,-9999.00,-9999.00,-9999.00,-9999.00,-9999.00,-9999.00,-9999.00,-9999.00,-9999.00,-9999.00,-9999.00,-9999.00,-9999.00,-9999.00,-9999.00,-9999.00,-9999.00,-9999.00,-9999.00
12,20,355,-9999.00,-9999.00,-9999.00,-9999.00,-9999.00,-9999.00,-9999.00,-9999.00,-9999.00,-9999.00,-9999.00,-9999.00,-9999.00,-9999.00,-9999.00,-9999.00,-9999.00,-9999.00,-9999.00,-9999.00,-9999.00,-9999.00,-9999.00,-9999.00,-9999.00,-9999.00,-9999.00,-9999.00
12,21,356,-9999.00,-9999.00,-9999.00,-9999.00,-9999.00,-9999.00,-9999.00,-9999.00,-9999.00,-9999.00,-9999.00,-9999.00,-9999.00,-9999.00,-9999.00,-9999.00,-9999.00,-9999.00,-9999.00,-9999.00,-9999.00,-9999.00,-9999.00,-9999.00,-9999.00,-9999.00,-9999.00,-9999.00
12,22,357,-9999.00,-9999.00,-9999.00,-9999.00,-9999.00,-9999.00,-9999.00,-9999.00,-9999.00,-9999.00,-9999.00,-9999.00,-9999.00,-9999.00,-9999.00,-9999.00,-9999.00,-9999.00,-9999.00,-9999.00,-9999.00,-9999.00,-9999.00,-9999.00,-9999.00,-9999.00,-9999.00,-9999.00
12,23,358,-9999.00,-9999.00,-9999.00,-9999.00,-9999.00,-9999.00,-9999.00,-9999.00,-9999.00,-9999.00,-9999.00,-9999.00,-9999.00,-9999.00,-9999.00,-9999.00,-9999.00,-9999.00,-9999.00,-9999.00,-9999.00,-9999.00,-9999.00,-9999.00,-9999.00,-9999.00,-9999.00,-9999.00
12,24,359,-9999.00,-9999.00,-9999.00,-9999.00,-9999.00,-9999.00,-9999.00,-9999.00,-9999.00,-9999.00,-9999.00,-9999.00,-9999.00,-9999.00,-9999.00,-9999.00,-9999.00,-9999.00,-9999.00,-9999.00,-9999.00,-9999.00,-9999.00,-9999.00,-9999.00,-9999.00,-9999.00,-9999.00
12,25,360,-9999.00,-9999.00,-9999.00,-9999.00,-9999.00,-9999.00,-9999.00,-9999.00,-9999.00,-9999.00,-9999.00,-9999.00,-9999.00,-9999.00,-9999.00,-9999.00,-9999.00,-9999.00,-9999.00,-9999.00,-9999.00,-9999.00,-9999.00,-9999.00,-9999.00,-9999.00,-9999.00,-9999.00
12,26,361,-9999.00,-9999.00,-9999.00,-9999.00,-9999.00,-9999.00,-9999.00,-9999.00,-9999.00,-9999.00,-9999.00,-9999.00,-9999.00,-9999.00,-9999.00,-9999.00,-9999.00,-9999.00,-9999.00,-9999.00,-9999.00,-9999.00,-9999.00,-9999.00,-9999.00,-9999.00,-9999.00,-9999.00
12,27,362,-9999.00,-9999.00,-9999.00,-9999.00,-9999.00,-9999.00,-9999.00,-9999.00,-9999.00,-9999.00,-9999.00,-9999.00,-9999.00,-9999.00,-9999.00,-9999.00,-9999.00,-9999.00,-9999.00,-9999.00,-9999.00,-9999.00,-9999.00,-9999.00,-9999.00,-9999.00,-9999.00,-9999.00
12,28,363,-9999.00,-9999.00,-9999.00,-9999.00,-9999.00,-9999.00,-9999.00,-9999.00,-9999.00,-9999.00,-9999.00,-9999.00,-9999.00,-9999.00,-9999.00,-9999.00,-9999.00,-9999.00,-9999.00,-9999.00,-9999.00,-9999.00,-9999.00,-9999.00,-9999.00,-9999.00,-9999.00,-9999.00
12,29,364,-9999.00,-9999.00,-9999.00,-9999.00,-9999.00,-9999.00,-9999.00,-9999.00,-9999.00,-9999.00,-9999.00,-9999.00,-9999.00,-9999.00,-9999.00,-9999.00,-9999.00,-9999.00,-9999.00,-9999.00,-9999.00,-9999.00,-9999.00,-9999.00,-9999.00,-9999.00,-9999.00,-9999.00
12,30,365,-9999.00,-9999.00,-9999.00,-9999.00,-9999.00,-9999.00,-9999.00,-9999.00,-9999.00,-9999.00,-9999.00,-9999.00,-9999.00,-9999.00,-9999.00,-9999.00,-9999.00,-9999.00,-9999.00,-9999.00,-9999.00,-9999.00,-9999.00,-9999.00,-9999.00,-9999.00,-9999.00,-9999.00
12,31,366,-9999.00,-9999.00,-9999.00,-9999.00,-9999.00,-9999.00,-9999.00,-9999.00,-9999.00,-9999.00,-9999.00,-9999.00,-9999.00,-9999.00,-9999.00,-9999.00,-9999.00,-9999.00,-9999.00,-9999.00,-9999.00,-9999.00,-9999.00,-9999.00,-9999.00,-9999.00,-9999.00,-9999.00
